-0.9472708165661415
0.6042716208829377
0.6251248597709953
-0.010864287442876572
1.0055275126975827
-0.42862080610348385
-1.54335538539485
0.3190082190132109
-0.03779402471704623
-0.604653026933089
0.24925474348344698
3.544164320506056
0.2203943427933063
-1.0791999140303186
-0.5187201110399705
1.556419774320446
0.8896343538771904
-0.05675754573599614
0.2897858572895368
1.0916735286803454
-0.08591389466050012
-0.036374674826569676
0.14715025833679493
1.5421158207136123
1.182036388948459
-1.1075055827729459
0.44542907171943835
1.5347143434335557
-1.790052114646907
0.5370953843702345
1.0353379926020936
0.03699978638362532
0.42333444012862753
0.866979378013318
0.6646102349646287
-0.6032534028207718
0.07102729031911822
-1.8318459760639354
-1.5162633189993766
0.41484106159175765
0.5434664375337728
-0.04164660413699697
0.7751543926609308
-0.0913490713320518
-0.19535208303679572
0.7520705104655037
-1.0829365568308342
0.9330752502033131
0.15364370399703972
-1.926705776460715
-1.9611034410170487
1.2312057933870337
1.5768077169921968
-0.1951554915697674
-0.03697916470777478
-0.4744833285726209
-1.0405590881094153
1.436899749496777
-0.9425986108804728
-1.2713338326536665
-0.6886633372898414
1.3885375597506742
1.0043783418604526
0.3566610666135512
2.0033668348133293
0.5746207504273713
-0.713413074359315
-0.16399958496428485
0.7546824893138366
-1.309918237038502
0.8345075584300532
0.022118133333473972
0.338030139226228
2.053384231071822
-0.6779939491187946
-0.7243425014647604
1.4649674910999984
-0.2099380359515125
2.9928384468414166
0.03487518064546965
-0.5371507766511563
-0.4561637996844078
2.490959614874635
1.803001734459987
0.09137840845476239
-2.327317714695439
-1.6239236514358462
0.7459686767218523
0.11498682370617158
0.5217130904444971
0.4570804159491417
-0.02473227578561839
-0.20830615160070826
1.6368253818292002
1.729986059122082
2.6490380328694356
0.8832994503071362
3.0499389230822436
1.5630861202812338
-0.20034839027150284
-0.1775670917850243
1.8433248939078009
0.7575111112296027
-1.0091265301212435
-0.08940951822985063
1.110600916911066
0.562893125539553
-1.4651963937951473
0.42510021969159845
0.8286758914836072
-0.7510330705533356
0.33164825026782613
0.20874544587474336
0.40958457101469226
0.904656592087538
-0.889513264747089
-0.8776582011761865
-0.60863223222423
0.0924446120588728
-0.46889048049268356
-0.9266268990933165
0.7844369740262449
-1.0556871942430852
0.7648609303353574
-0.44129269641417285
0.9569234395860321
-1.158682569017954
-0.013075469381588519
-1.8807497780848559
0.4942409709546078
0.5026271519648099
3.630871525363993
-1.3125075938229627
1.3331436200916171
-0.13969181546795198
-1.9418903165353438
-0.17920899031544563
0.7422929515204842
0.8793224682844946
-0.5470807185236348
-0.5953651415370389
-0.20189799326621471
-1.317839262358777
0.494514981734533
-0.858101389281624
0.12455081851943946
-0.09213360039930235
2.536525522393558
0.9001867651016504
-0.6743450725973986
0.3556975371879754
-0.1181102207250598
1.1486027296995482
0.5230918382020181
1.6963688806109751
0.18551326225970297
-0.6685094903014133
-1.4591329412193517
1.5988040458441122
-0.2491794753739101
-0.5951795343901649
0.719316687778182
-0.4437760411613192
0.32489527331752704
-1.3641130263736418
0.7989915998023664
-1.708331266014171
0.2931196205182975
-0.9335057554132531
-0.730804899274748
-0.3895822501934644
-0.2495965857602644
-1.9171914109118686
1.5653544162627926
1.1583589935082228
-0.13403249537134498
-0.8694173499437455
-1.1158365981143452
-1.4575041920309708
-0.2918973665182994
-1.7222431105774976
0.3086728753433849
1.3751369111184413
0.13913501306924858
0.040594777135229326
0.0809077147133524
-0.2514592017500102
0.728847875923775
1.1735029508728663
0.4941263628766132
-0.3345692613075268
0.7696047821705002
-0.555819127696824
-0.4062542089081207
-1.1472172787498807
-1.2132411375502279
1.0548774598361812
0.8926797539896473
-1.7074496821957617
1.1847305445170222
