0.5866136827893738,0.9986235769406913
0.7358590635103922,0.5601429529049274
0.48694824420184096,-0.09290270135042723
0.6100496859841741,-1.046451678368056
0.4390224992375023,-0.08185459710980422
0.7807720734329313,-1.1263984518527177
0.595732144605947,-0.21330544937326268
0.5594418738333735,1.1995387246552414
0.8508512270519808,-0.19174125424441915
0.554920793190959,0.979182276954984
0.767263617136476,-0.024573545495268294
0.5088947049467518,-0.6808907275365172
0.7042790984972835,-0.08604295760691634
0.6860926501122662,-0.012343539494146207
0.5137668046804477,1.2175097560052812
0.583896015130131,-0.06362057658169787
0.7381158338346636,-1.5649053131831168
0.6179098414005596,0.9007442200704547
0.5297455760040186,-0.3719526204228196
0.5562378746335409,0.686207211248509
