0.5359604849993191,-1.0633560651938565
0.7355300881560153,-0.9056274741799359
0.8399193292671571,-2.0303398669078048
0.6550573821985254,-0.7309102356826263
0.5328213789381929,0.39145988185411407
0.707404335142716,-1.0992153498958948
0.7489345659020858,-0.2934175039648234
0.8086709131752108,-0.030515561287809717
0.687020553811712,0.4161974827289094
0.7131044656636123,-0.02486631079260039
0.7040138414840438,0.3446043691823407
0.671870187441002,-0.900132013932092
0.6265488405759478,-1.147907457692096
0.6859133840142648,-0.33795551196180573
0.6463418989602727,-1.0496015127215765
0.5864059749942361,-0.08392194437362654
0.74237638728241,1.002225687496742
0.7872558087047191,-0.5523385358418262
0.6351778588889058,-0.16082761697570913
0.7454391254053081,-0.9624173877385503
0.6494248178422094,-0.39899551570641045
1.0084316911269346,-0.20713655327774028
0.884544682657133,1.9802593292820605
0.7987487135909013,0.29275517877657403
0.7894494468099279,-0.9633873917562943
0.7805758641251562,0.860471550499804
0.5873484458181051,0.3153196804294465
0.7267099297283894,0.44472845204130407
0.6378345899261957,0.35322428262490985
0.7158360269624909,1.2967103830942028
0.768531528388945,2.0111504798191797
0.7347289629136156,0.18239270423126225
0.7097193458267793,-0.8911382452129166
0.7973344975179238,0.390271685431852
0.7989075243760521,-0.006705322579187832
0.5759396081464841,-0.5679238275516669
0.803930162359033,1.0335205295335939
0.7377657989529806,0.9853575553337485
0.6962085859699737,-0.7256044810117104
0.9593217034854528,-0.09087693298962138
0.7103030900601103,-2.2155995339407615
0.9099551542058402,-1.5601188737556553
0.6527218700701373,-0.14340429141594563
0.7863033319967826,-0.5267743231862715
0.878421696399153,1.6763086239911393
0.7728504497636549,-0.3454751256372856
0.8869439075042085,-1.2780225200043467
0.6131365929144296,-0.7269320827118114
0.5200740033446425,-0.4256680021172014
0.8082717102418308,1.282458526432118
0.6732156893764756,0.8266131822717586
0.6397131739759503,-1.0709348228504676
0.6743778990815611,0.8868252161021163
0.5776467558825628,0.37139400982133747
0.748928149907043,0.17639068405489478
0.7529203226488932,0.03885241042179708
0.7573036991051273,-0.18454032150353855
0.6386584162010951,1.082359442156338
0.7135358667421425,-0.24702575048608613
0.6464751891170432,-1.0924091476127886
0.6570850007884422,-0.21083804462692032
1.075444189428095,0.008726106181578597
0.625433346433366,0.2280612405255933
0.7090546583816041,0.6164504806638942
0.7648575282008948,-0.18688060051447133
0.5379630391379517,0.1722061267681178
1.112159437612794,0.1584656338451163
0.701196417510742,0.6315822542563289
0.716647003225825,-0.33062098150485814
0.6027977672921265,0.921212893080771
0.9428320324066961,0.3563767024288114
0.5874473529856099,-1.0934261501664555
0.7721049440248701,1.602770177869818
0.7967937853388465,0.11406377306201057
0.7422441111589679,-0.6615640718206321
0.5890531751605862,0.19193321962916446
0.7402277790989935,-0.5904643570032458
0.712420861846613,-1.7152056908251363
0.7977068744579777,0.33554415582593916
0.8341511324203417,-0.4050823743243852
0.7991180031550023,1.2377130056067738
0.7308270672404139,-0.6324954946978507
0.5948021554248756,-1.2636682635331207
0.7097829170605775,0.5141680609272553
0.6680221996405483,-0.09112865930149656
0.6108843853479786,-0.6612169986817867
0.7360427315391899,-0.3426075868753113
0.6528608988929189,1.4812952577776966
0.6247153801529312,-1.8072556728885583
0.6830151308492128,-1.0031671208937813
0.5898688530804475,0.32946926722183945
0.7562825470814384,0.6274353787104262
0.7072676305908334,-0.6408393928091796
0.5748056602598114,0.7051273076089062
0.6235650765333433,-0.3141926392085292
0.8269593016285006,-1.0402268536660864
0.6269239746483004,0.20266118093302973
0.6820126990392823,1.7760762045034268
0.5967975004777611,-1.7166420932592323
0.5565817073641779,1.2114929656627496
