0.1875969873660736
-2.3797147772748013
0.9235728035272379
0.29354537925809654
0.5984625970043378
-0.08378193433886191
1.0150875088922038
-0.006394147100718145
0.48025738803004503
1.6353061344603887
-1.5793278165289786
-1.346850974993879
2.1308525940701455
-0.9525665636283509
1.5875350334538574
0.54131895385401
0.8582233385983706
0.20251023686049335
-1.7248564072837063
-2.1025510686935145
-0.3516167179710367
1.2941999138390308
0.47914530769602326
-1.8201768381804977
-0.9516476507533835
-0.45602205961128744
-1.5775943527735763
0.08407382634039351
0.042797238911342204
-0.16824827752966257
-0.6108638331094941
1.3483032771325405
0.46738783586463795
0.6354812483855515
0.35143672204867205
0.4184691211573965
-1.5374739749956656
1.4679288840945202
-1.8639969373827918
-0.4229834036672366
0.39987744771988404
0.3210293636721071
-0.3698539241637587
-0.6645728239451991
1.1514863471715544
-0.7082034908625099
0.3865903220318499
0.4271271591262333
0.12217680663686578
0.6640863512302392
-0.10143644516605138
2.09631086088787
-0.9743974297255954
-0.5816648583706318
0.6087951477985012
0.3735794825329029
-0.305253217855671
1.0672951975088083
-0.2959944301157361
-0.7997486987780741
-1.096407147561996
-0.47657670678863706
0.6304647581706356
-0.2568148943240382
2.0492710940699554
-1.1668851337248922
0.7325323377240319
1.0856411171461262
-0.941587513792895
1.6485589410506658
-1.3716231210534804
-0.24320442690378763
-0.32148318238518864
0.5954438924084069
0.5569964339746846
-0.9840702761968502
0.511338639897183
0.7355536606513551
-0.9868649830781432
0.5181944358459175
-1.2222412127073758
-0.9524069847952559
-1.582645544510159
2.0112574740145623
-0.09883624236107194
0.16406928722450678
-0.7504409155532455
-0.39965862187189877
-1.188460342966058
0.8078654833593495
-1.4868485280328336
-0.0848716570367222
-0.13126811310033615
-2.291004310853643
-0.40690592900496353
0.11540949163852038
-1.3621934411209837
0.9684390577042714
-0.12106427211041558
-0.4971328711320558
1.1504519531232698
-0.5005621746315372
-0.7733457980042165
-0.409024702337839
0.6610304043175845
0.02609707711815731
-0.1504109216143321
0.7493653464831899
0.22844061273167357
-0.04324175051262978
0.961908023667347
0.21822367093866635
-2.4485430247697604
1.5060606565783867
2.0123329945505333
-1.6270623167873624
0.36175173409806427
1.7487786734377184
1.2492419925134681
-0.23487939099678734
1.4349663739739575
-2.1725413887401226
-0.001715621604604486
2.0467456732797715
-0.17320993121018802
0.628288848715175
0.45131023961292666
0.21081434391754542
0.764399459134395
0.2966464733840795
0.42244742958254794
-0.32530742280525327
0.5248129353392612
0.3731480013954814
2.202476330940901
-0.3998531216189545
0.29133925065127525
2.2264203651947763
1.3774286172592243
-0.2191982766096024
1.1365503720744892
0.2016984806058935
-0.7928975403809634
-0.26137005063487284
-0.3284505533890821
-1.5333726864032415
-1.2129490172182154
-1.1558821349100348
-1.1860755957908449
0.2379306141616579
-0.03722083200629626
1.3224038047495195
0.16730024125132625
-1.623405224227009
-1.677622542281687
1.2464410987032406
0.31959611654508613
-0.2321493355113221
-0.7864761686202245
-3.31685641017445
-1.9546339466038265
0.43881478033033267
-0.38773688943707874
3.0792729201961873
-0.19850655636826445
0.5129966685325682
-0.29780283662603774
-0.35700885294249857
-0.05791358791058233
1.0742118382600438
0.29841578197291946
0.02008264330698464
1.5687074195482311
-0.7818485297543246
1.2137010131745056
-0.7831820415972051
1.9977828654809604
1.4543917571609233
0.2852859212155705
-0.18132702549890986
0.0050166351704614065
-0.5671290245292518
0.6365126224778495
-0.49154823555944205
1.5847090141218232
-0.43622670243610795
-1.301588502224681
1.1930246179366542
-0.8467317967832126
0.45281024824749694
-2.164676623562834
-0.27230492775999177
0.22900676355931854
0.09107970690321507
-0.7754020591796518
0.1122982177509869
0.36539881222836745
-1.6714951866016519
-0.6274131355344367
1.385390237885321
1.0708753450374275
0.6438425104746819
0.8282385882659459
0.1702364472748272
0.6696737040461105
0.07323480292966185
-0.2479618589497463
-1.8529236845725259
0.6055142680520449
-0.7874322230923411
-0.759832790751571
2.4500561019820064
0.8306176714921092
1.5040087909024584
0.444732562409475
-2.6208472558272162
-1.2679220214814646
1.3709853854763847
0.7916645443882169
0.5296482915534484
0.6203143495774444
1.7528110186888461
1.283216791167143
0.3533936743053781
0.9182085719373723
0.13943513650056966
1.6258289479144934
1.341902865653124
-1.1139416424700652
0.6119540524356379
0.7315415280723949
-0.956491744626897
-0.7712113620860918
-1.0510872927827908
-0.2737684338545553
-0.5752150965629665
0.4688456402747752
0.09352607230904361
-1.6219381896851195
0.7857370236734692
0.2241281784939665
-2.6368335172178217
1.0919595455499107
-0.9536866341329855
0.9391822830905022
-0.94226246310854
-0.010537696905933062
-1.6637067731704749
-1.8093183665682764
-0.8103374048592215
-0.7165300951895844
-0.23444437154666634
0.012093335652935612
-1.2289722022694107
1.4985501991828185
0.19179448022298223
-2.285643865620926
1.4025783464974857
0.15056633351283819
0.052307209929021506
-0.6934047812658557
-0.7111371509080926
-0.9702509378520805
-0.42986543432645286
0.33644452092366556
-1.5638391663253615
-0.42862601604137357
-2.3822440008494254
-0.507999912907306
-0.06774499400067244
-2.2187336858096938
0.5823259227384296
-1.0863933114633348
0.07370591947441628
-0.39464057157930665
1.7049898223024704
-1.71358165337598
-0.3060098652423842
0.37792008895680096
-1.5482845013026239
-0.5183544074382949
-0.12854510388402784
0.6220191695690499
0.9849160451328937
-1.0619596232409008
0.09834721355511344
1.8780946439709583
-0.3482310940987109
0.5828165164297265
0.3178932807156112
0.06545687057266554
-1.0891185704012518
0.9446190184600891
1.129623284444687
-1.2283440614370134
0.378525436179351
-0.40868967924862015
0.544753525160394
0.7385899749645068
-1.138631831779845
-0.789054214130929
-0.11238694163127118
-1.4207914392892838
-2.3757337833508414
0.27709204936528276
-0.49340554011059207
3.266172072843912
-2.2979495672417922
-0.37526414131777486
0.8396444378830995
0.8395629645663908
-0.5189835561081901
-1.1270452470095778
-0.22705234915061528
0.697265274405792
-0.32217136187303896
2.138243176630358
-0.03695508035377866
0.9657853918766001
-0.3946089737551136
-0.21019016816359143
-0.6268709763006862
-0.09351300323083936
-0.35808789175013034
-1.3197679892454675
-0.05837285935640718
0.43536699853775973
0.22623468666281077
0.8885261531060477
-0.15344146278432233
-1.8763038750948613
-0.6988784379858729
0.6672545086208622
-1.8287158192183326
1.2130386974582998
-0.9849699104747416
-1.033670651182649
-0.2996133689275099
-0.6309855386244336
-0.7953970509212349
-1.2132048144666796
-0.4834120211870864
0.485808493746995
0.6504667188539732
0.22103394900148707
0.5392852815741932
0.35654488677990864
-0.4849822021671544
0.49582364108926724
-0.45617263951305936
-0.2572029895661676
0.28733927128631204
-1.144615704720694
-2.236982925872264
2.3067202034347507
0.6508058650741568
0.4487678608401251
-0.36215876802571073
0.7706986519089933
-0.408817288149751
-0.17188768037051344
0.07037287887103176
-0.7073841944553487
0.21303142021491925
-1.4206884354804208
1.402746005680604
-0.36968154112041507
-0.1323833727578703
0.2625560338801326
0.9911468223079325
0.10464337946070792
-0.19811569027953485
-0.6425410592354284
1.34538670808109
-0.9351966062052798
-0.17420219371037604
-1.2473904625587964
-0.36039480824526854
-1.137977185266771
-0.46631950598468974
0.5102945574806436
-0.706166275812338
-0.10024569058137076
-0.3679156709410265
-1.4065881420615127
-0.6164244475657079
-0.9786875942724382
1.0693824014439488
-0.4346073520041307
-0.22664647097803062
0.08593887975476448
2.051628367322074
-0.6082160328802966
-0.8492778736851065
0.11337892705720565
-0.036802832548022496
0.554840755772652
1.2126998654733083
-0.49932719839325584
0.5431955749833687
0.29189477124319557
0.5028163888311679
0.21595771325260876
-0.17204541480955374
-0.11935319277015827
-0.19986110986825717
0.2938678713926078
0.2655696123643061
0.028712924186399678
-0.06159344079659853
0.7092127764068833
1.1236827816501733
-1.0815123954297388
-0.40353264161406915
-1.1392100700710452
-0.3679350444352359
0.7929478257265714
-1.0974382212097245
-1.2193999834865146
-0.16200893103038458
2.351924865117401
-2.249532105683594
-0.6856560402249671
1.0845326278151786
0.728280660844932
1.1450497721744306
0.29083584086633923
1.8653787160932223
2.5247163257957106
-2.3153782672346073
0.2511463802759086
-0.1990233198694163
1.130533258970119
1.6201190548817397
-0.46278566367258744
2.5030545487033007
0.3402038657552321
-1.1262255120118871
0.2339545208187711
1.3738422467772566
-1.268465787571542
0.8582469490123761
0.09124910288697252
0.41042822112231947
1.970550790209414
-0.9320217767195861
1.9068877201472223
-0.4870775330570375
-0.37920883476629635
0.07265924061278808
-0.13254124409891443
0.5243542636791559
0.21462562829098072
-0.20708720220782098
1.2062349484176185
-0.5698272251664149
-0.3002029034788977
0.2823094117175378
1.1066605074929161
-1.0476203097841688
-1.42366661265008
0.37949106448849457
-0.6910796273434943
0.6190287734356367
-1.440462163007898
-0.5112151688476462
0.257958577005347
1.553154450714832
-0.2892738219582329
0.7918405225304286
-0.03213965457030658
0.2680488068217191
-0.43623284682435215
0.12360114768849764
-0.5521576011344306
-0.9148665346772258
-1.5449708826396384
0.4045848106361999
-0.1056504238625003
-0.5261478697503797
-0.23606326677765602
1.1750862024720508
0.37461240690711817
0.0832798524513713
0.05844223600696384
0.5816378609632591
1.371473612707952
1.1994006443374332
0.49023134239353705
-0.4898692313509194
0.287849090509381
-1.9272958538003697
-1.6137382547017842
-0.17264776717417135
-0.23729617684378967
-0.4657638743880748
-2.6882591563219207
0.4929188503928392
0.5647636617552606
-0.0012114089946363453
