-2.2253411788882973
-0.957091070900566
0.11015963467659938
0.9692209121667054
-0.7183410674931326
0.040360678134428486
-1.6044309850033003
1.007732253277243
-1.131243238401795
-1.552330989922675
1.198453330832112
-1.5565765287724842
-1.3804114826185339
-0.3001326909889304
-0.6359688063403157
-0.8194573558730915
-1.2966556192842937
-0.7426708044130792
0.8134949071564099
1.1114728830907483
-1.683604889357703
-1.6309172058663834
1.7949913021674422
0.011445889997166081
-0.07124424015214799
2.3567502084111775
-1.3026614442693318
-0.6014214756201988
0.24114764200931538
-0.3337027796424528
0.47153140960901957
-0.09078404018675924
0.7813114588739979
0.5558547805589407
-0.8108237892787342
-1.7983790446197723
-1.2016890684815622
2.4482557606147717
-0.4036488130109383
-0.07351007647877227
-1.2375668218891447
0.5163852081407916
-0.3030816974301034
-1.1524603880995612
-1.2450330191681542
-1.4941894917614211
-1.1781402760411377
-1.6333383506911419
-0.35418585054954016
0.15038356288005836
-0.16573747173895909
0.9473834612000192
-0.4155352559692859
0.3887227405976515
-0.18903047336246864
-0.7229012770515846
1.5757535967054144
0.3658057330320648
0.7850073933886031
2.1050009455213132
-0.08167169202200004
-0.15386013723336742
1.2071837718693237
-0.2860597704049654
1.9045455572516714
-0.21638056199833997
1.245278893112485
-0.7781883591738156
-1.934982646126796
0.3796214736484292
0.8510725591818231
-1.816323749976738
-0.949278020243472
0.0941659379312693
-0.014031567526939308
-0.7451257268104761
0.8285176333211711
-1.1033882433729436
0.41355431019361977
-0.7474620162168818
0.9581741432967729
-0.7686336205303306
1.145147725384891
-0.30701829310340156
-0.19969034092760043
-1.6996250738768837
0.27183752646619785
0.7252206990804139
1.294226369617906
0.500607713388736
-0.8189570656459613
0.4555335856373537
-0.7354284636187938
-2.114446199671983
0.1504506320577843
0.27014850777253663
-1.2912826468740888
-0.7651003928414982
-0.883692451853252
-0.5488537402625643
-1.5565436366631933
-1.003504598882329
1.205690448916146
-0.9219298123607353
0.5477477446285045
0.9674602393161998
-0.7202865652723641
-0.9152294287660523
-0.208746069641999
-0.6462051705626012
0.700042747335732
-0.5694960428999464
0.35944359580548996
0.8523079565570048
-0.23926215910880955
0.3599756576562256
0.8270866540148264
-0.8188549419164444
-0.8141855454993708
-0.040597568033411476
1.0995654398090733
-0.6054881622475905
-1.8462020454608061
0.7389670986226013
2.1869338658430277
0.1542108226010661
1.2595949977638699
0.47987463801271607
-1.9651980567359584
-0.262836901948189
-0.2553438233873366
-0.4812414810065833
-1.8867111500521605
-0.22361400600872094
-1.3843160647709014
0.5261459323445828
-0.4366971211734247
-1.6161460847812281
0.5576471570208497
-0.45005814126441895
-0.5801006283082244
-1.1138191600622809
0.2135171138213825
0.5854665804973093
0.144484036893907
1.282460611599466
0.7533399955861892
1.144736800500439
0.40414092549631603
-0.013723452554726605
-1.1531223906408938
-0.41447922146417554
0.8485597685385433
0.41172240545790734
-0.2209664888520708
-1.2210332436677087
-1.0518030741898596
0.4113810090285032
1.5109950881941556
-0.5327392415916532
-0.2780020520537061
-1.9251830354578112
-0.44185136393946417
-0.4631507909643106
-1.439855437380519
-0.30655853153293433
-0.06691129071300249
0.03430981663320693
-0.6250870869251326
-0.062480867162235686
-1.9668202189550126
0.03567046226431233
-2.230548469213246
-0.6822930711510428
0.9776446960530316
-1.504287588319571
-1.1084983189832271
-0.1118275915104373
-0.2642733254419819
0.15051818175501033
0.7685084651748881
-1.6678126861989844
0.5756874496344405
1.5370217502975108
-0.37095846712845276
0.29261565254611616
0.5253625657494201
1.67791707048438
0.7521307787699602
-1.1818967989818017
1.3259021469104384
-0.6302577772807879
-0.5783203243438161
-1.0276880279781484
0.2643450687909584
0.5760198519821962
0.9721802179024075
-1.0221725224408575
0.06682696741106332
-0.45628369336645014
