-0.39875612575056435
-2.9811368374344673
1.0197987386128433
-0.8399898541690652
-1.6433274618418314
-1.6491122168867973
1.3729264838307647
0.298164238359736
-1.016454204601186
-0.4676466838193114
-0.8751785078998275
0.2700586369067758
-0.0772634175511503
-0.18024813229653336
-2.2713732535943816
0.22500987602497644
-0.720303022188271
-0.7641270186506282
-0.014313602860574629
-0.7558625288211481
0.5896722398147197
1.5075734448023836
-0.20728135638568437
-0.3941887557424303
1.337544901447418
0.22342953015546574
-1.15300271624571
-0.20614233326074943
-0.23959084578546652
0.5670287263335494
-0.42056105405849403
1.2569088573494576
-0.522469313204795
0.5692273934944677
2.002138357246773
0.036087290350736025
0.3849491249994813
-0.5672387236919345
-0.2655124889214234
0.5563967511044782
-1.461340140170248
-0.1686882939186916
0.09260176270436664
1.1816196550921958
-0.049219180778006466
0.7822167784203921
0.6610347426135172
0.6108890070245361
-0.865339162153907
1.445585478480349
-0.1591590092322072
0.28237858681017264
2.063011192390208
-1.3114721048862557
-0.37917075240416176
1.8538764736214002
0.7605312334524745
-1.1048241655244608
-0.8861325257538846
-0.08527602128033156
-0.5997501223034499
-0.018619653642868498
-0.6739701574473176
2.721717592035855
0.9065248107442778
1.0702554352436724
-0.10219288625616467
-0.36409891068907835
-1.0714467107854828
-1.8425558001175497
0.7810326169226076
1.4549425743068685
1.2259757249395784
-0.33906149390284196
0.46313889623544613
-0.17025147584504574
0.6893364627343282
-0.6333297882613116
-1.1617464894220544
-0.776196903107753
-1.226344358805524
-0.8208174294691059
-0.29774418068962205
1.9678367555649656
-0.3492252848642438
-0.0035033834279750427
1.0248499489801581
0.41439417964296577
1.3755553691507958
-0.20327525673277086
-0.27786049945487173
1.3720469597119649
1.0951118984512476
-1.5655587778620368
0.9609775108153182
1.4985099500304808
1.4923803856206412
0.7505648948575774
-1.799223141862172
0.6228066826048986
-0.9558936314153945
-2.108109241530044
-0.2529801849999859
0.7818469726836881
-0.9152042312118108
-0.15453729229879049
0.26322791363009473
0.34247043851238945
1.3659476775098043
0.09954008672168328
0.4675869439727477
1.3668921441569566
-0.270325220938577
-1.1921973278521418
0.4665299888022079
0.1833233490734413
-0.4960459027310586
0.22295180635858475
0.5351487228362694
-1.0199159690133432
-1.3145789054895387
1.0395819622474056
-0.07214190885546683
1.2056526528226756
2.269643977999173
-0.41843339835199234
0.37501418602226205
0.16800530628881385
0.33680798562010517
0.26677871737386466
-0.34817703700011676
0.7843308728349153
-0.7505210575516598
-1.4727798291119194
0.9659678858678421
-0.685663327970037
0.12951801372646138
-0.29186199273022667
1.1153584620470314
0.24426671303359299
-0.9298373233465917
-1.5157169819108467
0.8438466943148961
-1.150036356208297
-0.1401342557582225
1.9986371807846655
2.2748624577555283
-1.7463509797915617
-1.0053269815749541
0.6208507832462663
0.04008851650501785
0.09657014162405868
1.1973540151156319
-0.5429639890163945
1.362007879609112
0.9119020645315344
-1.5880296415082948
0.9654002006741779
-1.186839470392763
-0.20558993647067567
-1.9098032194825714
-1.4006917907703005
-0.016735370953329873
-1.08340382394934
1.6049920145711303
0.7713394360404754
-0.20835687453263388
-1.1183947763410598
-1.4524204647572714
-1.2524308564422697
0.8452014146144463
0.9224026146186136
-0.5393328836756898
-0.6224572925293885
1.1083383426665736
-1.5778030327659935
1.354016415527395
-0.28405130268009404
0.2804519061179695
1.5141620331368864
0.5564776896894787
1.273131248373044
-1.190274609782491
1.0356741867061652
-0.4113502933066935
1.5846845118547754
-0.44366032067080874
-0.4423624105506138
0.6676591793608556
-0.5298000667626086
0.3137955852918042
-0.6458271998389623
-0.3221779278877742
-0.33973308973738225
1.4947126334121246
0.04637707941015455
-1.5837262948384194
-0.6554610577746678
-0.10256703503953594
-0.7164966611570724
-0.5777651491524856
0.22453324590780976
0.08597239078189708
0.28849142884009876
0.08638497505536649
-0.9635403628682055
0.1200616634989949
-0.05476407060738572
0.2070530017049197
1.652453634034034
-0.7653865832484648
-0.4142096300346204
1.0084359457984953
-1.541339831249303
-2.873659949438336
-0.14986741891171235
-0.03172092775212895
-0.8714028823882405
0.4914792004841053
-0.22713131577834833
2.3327685289727165
-0.02212995453518705
-1.3460541489974303
-0.6710542595909225
0.19517093414566664
1.339541186007829
-0.22656499802440141
0.9777089622521613
0.6630177035484286
1.8081328438300588
-0.03972923288064421
-0.46087740841169256
-0.543009388856423
-0.10704032237149701
0.6741270290483258
0.41881132341936494
-2.6871676856620903
-1.1204417718349413
-0.5860847819461008
0.6893963121645554
-0.6739358176170523
-1.8658104901220691
-2.4151018262442046
-0.9941707424146703
-1.257082057567198
2.0953564136340797
0.5395464730031437
-0.8695818345411669
0.11307136359233519
1.7145301678945417
-0.7522790064376055
-0.5113422710872116
1.0959069761638216
1.9282003514410215
-1.724486300912017
1.003469026326737
-2.1363200535126254
-0.33763524678252466
0.4527793479617793
-0.1466882806345655
-0.23559801176736914
-0.6608876291394459
-1.0837003674981078
1.631431478561548
-1.350970120380489
1.2430029200612986
-0.6277303780516577
-0.6464363010096892
0.8244747764569496
0.431974021630153
0.5510190545631519
0.7210765995995161
0.6078138455218391
0.3874772348567367
-0.06773283526464359
-0.5172077029259196
-1.3874301210141844
1.3873344773351028
-0.1820766698009601
-1.221193729085346
0.9018700012753863
-0.6220303210146688
1.053868608991529
0.05173541002648469
0.053280196155679395
0.16585983439840796
-1.0744647026967775
-0.3218379091656356
1.360983468042464
0.5351159445533472
0.16337931486331678
-0.238077874465101
0.9414132845320783
-1.1350122527099291
-0.2685793462996948
-0.9007736906888264
0.5267825258689554
2.1682234017848305
-0.16021989336788708
-1.2335566706427536
-1.2064007836078048
1.2357452266798072
0.5517540666551652
-0.49466591803526944
-0.10000430737502494
-0.5130459926081151
1.84919405395708
-0.05780968171316067
-0.9849170966457054
-1.166507381447752
0.050522002758541545
-0.41122604817273156
0.9642482814567911
1.6324670438819036
1.2421628024902867
-0.13489081132796243
-1.4424239968636363
-0.38349066443163365
0.3771142932971328
1.1533915906480035
1.764632514355969
-0.12505957152364072
0.7902876373941734
0.7702132354794805
-0.17641924729083158
0.0673134497250416
-0.7887158696377342
-1.0092056879029705
-0.756524301603452
0.28112810080025336
-0.02582219402236411
-0.42668543061390046
0.9148161401779161
-0.5999759904309541
1.2284869006787333
-1.2396603435984046
0.08912045615814143
-1.1233444969875352
0.20294499756244883
0.758831576359075
0.043231962837711475
0.4125381483785425
1.0821346503313178
1.676127061564927
0.7621724671134095
0.08830593536205322
-1.499790821248675
0.7193470216858143
0.003382070372136683
1.832088311214309
-0.6488198007166648
-0.9516800647002078
1.388543398439035
-1.0717185536712088
-0.2880069680838595
-0.9730756003623702
-0.9218576924857749
0.5314145022278719
1.9218501040063265
1.9720843278260736
2.003308120273893
-1.2804793089869864
2.8045583657311077
-0.23937134919530575
-0.6366285591855143
-0.17035631638162652
2.2239604966621696
-0.009805540478759246
-0.8799452081438266
0.3033023358790342
0.24823244332012814
-1.1932747511942725
0.44689276285738133
-0.05684364205075617
-1.0245727197985612
0.25861907627363034
1.2624497620907917
-1.45539521999747
-0.62107862970858
-2.5834868576724492
0.018398472565204965
-0.15122574087471075
0.1903282421138178
-0.6233328182760487
-0.4380067345458126
0.5844248192529452
-0.5773788203840134
0.3199800841212856
2.531284274008511
-2.4055625602454183
-0.43032448007106266
-1.6880741553162875
1.4049829284360877
1.77179748412619
1.1287673619708245
-1.5379360513401432
1.5093945745577182
1.6549376352925933
0.3053895097482904
1.1578865628938304
