0.6633682661016213,0.0022894496367666865
0.576424051050161,1.7726336469320778
0.8890726970258891,-2.266203985906191
0.6886200650961742,0.8401659597215373
0.780792496452251,0.5563636647706943
0.8096893552266927,0.2785058704994275
0.6946050117092891,-0.6662852519608382
0.7522401509585445,0.1356209781322339
0.6420597096543297,-0.4766131352354884
0.7570582239959334,-1.2478200891532947
0.6758842054598171,0.15212386325370503
0.7244193039020179,0.852159050207364
0.6196091348440992,-0.18955385299631847
0.7689427727460622,0.8508749461949938
0.5748255276331127,0.15932096300463083
0.9281446740316559,0.8593703980964649
0.7226894460034397,1.629093698994637
0.8110990302402186,-1.0314253785352974
0.6254950472065733,0.737819026261504
0.6177732921005407,-1.1816397396606884
0.685810261475637,0.7465045264394453
0.7785417226873229,0.33490753523429934
0.7171760856501238,0.23525090684096533
0.7942685892871483,-0.3367849759447454
0.6584916363360087,0.832369666677773
0.7471869719021462,-0.4833812345377145
0.7551064481503041,0.1404814071037027
0.5693707723366148,1.0888056049300496
0.6705489787383656,1.7930228249125855
0.6451078384808685,0.4149356786082901
0.7155656066246313,-0.14803732066529118
0.8204096647831209,0.2980928276217231
0.7269510989003428,-0.7764782740230918
0.4833230458142395,-0.3506162861281255
0.6231314932474645,0.168483671759972
0.515033421711127,-0.6984482982850666
0.5070024254441774,-1.5764348544612725
0.7029954870433279,-0.41012356378926607
0.5626566099735816,0.05664414944110921
0.6746967096030524,0.28522710475673874
1.040188273967943,-0.1128130988689029
0.6842814089505828,-0.8138538204566369
0.5922671483885109,-0.033287577051829186
0.5899744309317699,-0.49528273484435514
0.6543507429528649,1.3709276904051095
0.6388059493776583,-1.0509641566352674
0.7068311528333532,-0.8451582434599011
0.6030943571385842,-0.4752619993787551
0.6854387867225278,0.26806426495687596
0.6822693668834503,0.2778632433352566
0.6686206265142001,0.5890638430159538
0.6914584373039881,-1.0919829961862437
0.6172705383587035,0.15486326338877757
0.5197137194068363,0.9657204067585828
0.6513824916352857,-0.34341505205941963
0.7822810195186707,-0.2905230048490173
0.6297681615257814,-0.5676050752465001
0.8510856048988613,0.1923149090305109
0.5926802615332704,-0.6811975259660944
0.6136810688203536,1.2640121540555773
0.731777742389529,0.28046631458652665
0.513378813122363,0.19189319356008813
0.6094268266870912,0.059730002722503846
0.696179424715124,0.10281491578965524
0.5218343806876818,0.402540576515601
0.6441180184378844,-1.3145597971627643
0.6132000738735809,0.1555770408962098
0.7549501730836453,1.0618196698199465
0.7755578312178159,-0.14239490015541947
0.7331041906777006,0.035407615492845934
0.5259469842043595,-2.6332825482685847
0.7529173865558447,0.5348192545148727
0.6481616263023562,-0.253247718120689
0.6915194123952162,-1.3037203784384939
0.7126928527492525,-1.8494108818335937
0.5833654041321774,-0.5093892476136488
0.7337091020660447,1.609602776695111
0.6879268450829604,-0.31455907381715176
0.7140979624326862,-0.2138593394976142
0.7213938964978162,-0.052751146203241284
0.6733788272658979,0.7903902083973481
0.6318280143261833,-0.4855879370919231
0.6856266877421382,-0.32853751279968674
0.7049899456858295,-0.4253620512310634
0.5886567495002584,0.27200639914927344
0.6843135072390576,-0.8095988249981769
0.7843587711031861,1.0227938549012312
0.6332391829672392,-0.3662560755175064
0.7990090486881581,-1.3826439377864448
0.690521038987066,-0.6932591145048447
0.6960563765874689,-0.9076907867297326
0.5696782538062404,-0.525445110929651
0.6532152981800945,1.1693758372423184
0.42467213848995833,-2.161796634638637
0.6340837192148286,-0.17719305764799836
0.7084299973636895,-0.07872241410691697
0.6128531655300413,0.5484150515398647
0.6845778255297572,-0.7447179317076872
0.658218968152022,0.9837574219830302
0.6318762025342208,0.39477192277656825
