0.44234131702511603,0.12899562725734964
0.619431865136199,-0.3492887254818332
0.8265532634646637,-0.30518186711006234
0.8824140994771825,0.2564130412300647
0.7889670958781424,-2.063476966621586
0.5331962096488868,0.5777064947841785
0.6208027702745943,-1.8405002242404576
0.695306844542851,2.820003013206128
0.5482123029079697,-0.5447884148752963
0.7541922879855135,1.421487743787571
0.6899634137936088,0.9784661653091745
0.517592862911667,-0.8489431296404777
0.48270680619956224,1.0468006457709353
0.6431495053288103,1.244413673477722
0.6204400378544221,-0.21032247308050941
0.5799015265619752,0.4086458539206561
0.8599387794010289,-1.9755638874257286
0.7841408136499866,0.8068769785237164
0.5480600782325328,0.9132757264396878
0.6055433847239073,0.037137411626091396
0.7062122160479927,0.22750453636453652
0.6832762758912004,1.395955964136676
0.631401889534194,0.0514440357661405
0.47470934379589613,-1.653411098561166
0.7400691453991072,-0.8801574021367176
0.643596573349799,-1.6004143210804271
0.6575316941980975,0.6481290127249261
0.49163451045331114,-0.5336049612477498
0.5436844715470117,0.521977959102783
0.7084745299866934,0.13622783823714435
0.6973784204725959,-1.1150566442453176
0.5448733448058906,-0.8143792088607911
0.48104262979012985,0.3892836489929137
0.9660697284922147,0.27880372872883763
0.8332388686922879,-1.3346887174835511
0.8179524852841205,0.1441895877156151
0.6983599655118902,-0.6130701614629616
0.4192358537143582,0.67928432468698
0.5002804012134395,0.1450903593461996
0.5112064990648226,-0.2644530584136865
0.7486250021238847,0.9297845703369074
0.9157772456558906,0.26290726782149565
0.663701505611951,1.446943465147449
0.8994000054853643,-0.8016296014918528
0.4781497098853926,-1.4374839249738454
0.4623001473353997,-0.6572429911146949
0.6549063002077807,-0.13630494908445442
0.9193322595927226,0.7505956444093167
0.8655836436592775,0.01628891889505451
0.6160901527502309,-1.5460377346475636
0.7754076137633067,-0.2029155367952295
0.6622831203896093,-0.3288224018559994
0.4927567083153788,-0.18447061727501107
0.4791202522016975,-0.3546346031185787
0.5880882000464439,-0.2642122764246597
0.7690735038774785,1.183827184658915
0.7026210244654881,-1.4039349822246323
0.7846218079910554,-1.101200569316032
0.7217802259451394,0.9438482170816306
0.6238389289311334,-2.1235090919837716
0.39322188242682543,-0.6578704247278269
0.6410207935853895,0.717903513401223
0.8023626980153492,-0.9882557476693246
0.6331608377266466,-0.3856495685452375
0.8987921833479359,-0.046239220196080434
0.7268863785963425,-2.4149959889045185
0.7083469120627512,0.33316021457490413
0.8049882856578994,0.24149275775544038
0.5392042892028952,-0.19554209767559774
0.8211981324656619,0.4705463788258766
0.6858126237291493,0.4089468568176644
0.6159360838992478,1.4128912160414953
0.4996868696342347,0.8553540640162077
0.5533615617752873,-0.565477888256056
0.7446534160325482,-0.2795663992490035
0.7579679781394182,0.9321032475162738
0.49442224320687655,-0.013573416695274195
0.6054730384612885,-0.40739270789643184
0.6992536050547217,1.7341121109073705
0.7033296144111794,-0.6748852564616544
0.5498925810653154,-0.8716975009021538
0.7255779219961631,-0.5146239880343401
0.603398678546762,0.3186248956229972
0.6153258537022336,0.5034090268315852
0.7963656625479447,1.2127770382583158
0.6054755489127553,0.4957222369371203
0.6377938184367352,-0.7728741515504566
0.6741775047793134,0.1170793229099525
0.7164054197378658,0.7756844604731867
0.8264802646185482,0.2321923312242415
0.5569322615627963,-1.0884039901323557
0.7156164264740684,1.259887535451292
0.6362483758351384,0.6826762042682191
0.7441326851601087,-0.44697872112376075
0.745751665598646,0.8172276442801925
0.5261841461223298,-0.5530962637133846
0.4423953957195641,0.15539478414297475
0.5698316455373628,0.5350903448072727
0.49233951790627445,2.0455974081454418
0.6190418371080981,-0.7937231571167301
