0.2370473512303056
-1.393329795837699
0.24234403216775555
1.5231203807958587
-0.8456448433335567
-2.734042162811354
0.4482798038424155
-1.4152514234375857
0.7870808145175028
-0.7592507446504262
0.3469623722202146
-0.2516459601006886
0.21803895157492154
-1.2018655461427104
-0.3458945833239719
-1.1322664354809409
-0.19511191074420556
1.3851233705499688
0.19729876637562374
0.9922554669172268
-0.2860764783538011
-0.026078977197211712
-1.325300731659763
0.07750683233614665
-0.6780077185116429
-0.20418585161734099
-0.7205227897667998
-1.4674065156888685
1.6000544952004714
0.20563551827655596
0.8139373451976203
1.9988788145348897
1.2300358099726882
-1.7748627079641641
0.7163425433583535
-0.6721242946165417
-0.669121072031398
2.443955576041429
-0.3465198557338753
0.030977648460066533
0.24610307731360195
-0.9972676732847274
0.024944844746965913
0.4714303151092525
0.6228002737570341
-0.17097656297671932
0.3192839011470599
1.073992015434127
0.7741021617770566
-1.7997438818315086
