0.7258647669422984,-0.7099196909810281
0.6710185160383719,-0.07533769528729994
0.7851214204296737,-1.1179273042703106
0.8118355492145237,1.3433085345294127
0.6491310959528153,-0.06727314064919439
0.6341183545913297,0.261244521785167
0.4605056740489591,0.8890774891251743
0.5412087238074778,-0.5439103750538212
0.8338985223575228,-0.9826658643747327
0.5905271255902417,-0.5767302563960958
0.5553732014138304,0.31726898487771815
0.7256606259001567,0.5717232598250612
0.6586310519202189,1.7968551721075456
0.6709405386436771,-0.4231120167191464
0.4701342709192025,-0.6834777431252084
0.7192598997063552,-0.2631417527929096
0.5242025715500318,-1.024059375057849
0.9127749278655706,-0.5554403169036165
0.6241286072893878,0.8275232135768672
0.6174786922346466,-1.1560981576481497
0.6484656658944258,0.8351043947140592
0.5260940573214804,-0.2654939158067098
0.8370405986719438,0.5484098883055217
0.588227682606895,-0.8481448715908536
0.8387534377566782,-0.5641645754442257
0.4967935628846436,0.36713789818885867
0.6153921504800778,-0.8936074254324894
0.7694568158692265,0.06786535540550996
0.8708617650620931,0.038593326310663055
0.7247273649928486,-0.8622554547431279
0.6936375955015663,1.6327337600171543
0.6338331248479226,0.3562319334976169
0.7388941109224081,-0.7425375278558545
0.737049254953329,-0.24087406501591338
0.7675153139412703,-0.040331980510899916
0.5900515161270633,-0.44246077385251964
0.7086216875279173,-1.5120840542997358
0.6169097931576093,-0.2922312766654792
0.7825428728066032,0.4696345344947927
0.938547228114486,-0.02900729052330282
0.8401272309041794,0.07039953882605081
0.9428281955608722,1.002527903458792
0.79681611182945,1.4855600931082154
0.8888583669663553,1.0594372518172863
0.7805470625165583,0.5041656095315503
0.5344437710444319,1.6122478418508928
0.5111491254390537,0.996625141610974
0.7309293645618961,0.16931589875808323
0.6718600342755073,-1.1285721747825954
0.8129724862877784,-1.2200757753259612
0.7863800850238727,-1.0207191390550638
0.9998387651077599,-0.4929930454924169
0.8783060220494574,1.9462829383091915
0.7718490152910396,0.9053462150731898
0.6946149907531429,0.8299168782519948
0.8757026162570372,-0.10178250330864304
0.6259128102834264,0.6247595022786862
0.688667719043788,-0.567174308715855
0.4791159757349622,1.4047956694560446
1.1112926787132396,1.5493431627107455
0.7600217797147649,-0.20455108724215704
0.47766235552714165,0.3820274724165762
0.6154150094313696,0.6033878428004273
0.6133413985511466,0.8741498360641826
0.5684597379747699,0.2693309855191806
0.676300711237068,0.37284498374051395
0.7669700321254521,-0.5213928761970404
0.626767839740861,0.2289271736445215
0.4785146089936742,0.20730121138947621
0.8254075240824464,-0.43869933653509197
0.6015855875081516,-0.3954819522316671
0.6186343273329928,-0.10567288988876622
0.7425673445686531,1.5107900762917978
0.42185812320419064,0.7737428449691008
0.6157018614539939,0.15430868388127109
0.6813268254083631,0.16142634972191425
0.7943591977942911,-0.311162096463859
0.562110003043162,-0.4680811636474766
0.645714798375339,0.16032673255875804
0.8327667395598495,0.5565293740474901
0.8544756588263799,-1.4847212172075914
0.5925983906903834,1.6919361549765104
0.6141184847452142,0.0037267029974903574
0.8927881970953943,-0.5861417136145418
0.6591214371076458,-0.47633579380479385
0.650813763345288,-1.5255701591060173
0.7374361042587817,-1.0996593186105907
0.7316272721812942,-0.5729293761736786
0.48309815474296863,1.25608027682109
0.6255815888297074,0.7965929677968447
0.8063526327676734,1.5368680322382793
0.7824316420095827,0.6262070989767206
0.6866976775050476,0.6686088704154336
0.8212781263672235,1.187438791475756
0.6068438655268348,1.3138969778088692
0.6938695081143575,-0.3866385969389166
0.6447714388361911,-0.6749936941607049
0.8451455197971075,-0.9281334389613595
0.8934439319792218,-1.3460609145777638
0.6252414900387785,0.11743577735938439
