0.5721918613221149
-0.23692282030522666
0.9852427286222748
-1.5840066692547123
0.7187388594637361
0.4601391015150621
0.07330223097565569
0.5471171602513998
0.16925889695935023
0.07884011336151604
0.9454755122534438
0.5684277328909868
0.41950293562060753
1.1618150076321385
-0.7001695190308859
0.2785488371350014
-0.49593157333871074
2.1275683249666684
-0.6710501729251652
0.5719747122366476
0.25711577262217916
-2.37390809350411
0.9522008896385545
0.5256866515939536
-0.31724486537747004
0.46384121736450684
1.110815633064219
-1.8129282115835963
-0.6763901542791692
-0.8380490083738903
-0.17018862771096316
-3.2193473598923177
-1.3919385651075522
0.10048896127751616
0.45517195418340956
-2.185232206486683
1.2341483715007733
1.127526267627597
-1.771895410118771
-1.3241974923158166
0.054693265143610906
-0.3209846931671373
0.2530060908704458
-0.9148701372507622
1.14951149325833
-1.6575898613424853
2.233552483420075
-1.6116474193420491
1.6809710135276845
0.060552049366348996
1.2038103097755348
-0.16441759815189397
1.258138973309047
0.018085429432600705
-0.5021716959558982
0.326840184663301
1.2795712776776453
-0.1344632009100277
1.9709821630712265
-0.5895875286725507
0.36228027527223905
0.8483803162279288
-1.4580535909899872
-0.3856862783987759
-0.14933862049508204
-0.39324040282841943
0.10182503333806392
-1.4346996940526555
-0.6301233461660848
0.201922441674005
0.3322387551130747
0.12728779043653643
-1.0264533086450796
-0.9049646255543885
0.9583288411769124
-1.3908470221364237
0.12818458926610612
-0.6371856159646578
0.07663133056913696
2.3377385047006243
-1.0029472222977962
-0.11300663449859893
0.9212247161338043
2.0147082626707515
0.09802873176536298
-0.6877262569557945
2.3751314973935913
-2.864846130346532
-2.810764106680405
0.5716174558813122
0.8725124071588872
1.431557400277333
-1.1297321951317119
-0.7618706178578292
0.2756163990441293
-1.0895633998020762
1.2468441375710118
-0.6782732953591581
-0.6270023927112433
1.2697569152117516
0.4028137006374399
1.5502278592457475
-0.8875806266019651
-0.5899242303680408
1.9078510280918304
-0.898262835769949
-0.5441895095515201
-1.4908052263157834
-0.34520489783623093
0.5678141819721129
-0.3016793932909742
-0.0669376795218569
0.07189199790533485
-0.09821386798448149
-0.9368344915177638
1.6204611605845105
1.51531295291981
-0.030093921673962725
-1.0934587652379744
-0.19069662383788855
0.013122354256977683
0.8807638838951879
-0.07391274768518796
0.07187074598227682
0.19159259392294617
2.123115063888488
-0.8878921572827906
0.8784619712026009
0.0601803309976869
0.7669492679555352
1.452958797935564
1.0774703825467584
-0.44274763920929433
-0.4014383828108846
-0.38128306775382825
0.2927431948173655
-0.23471921197389167
0.5723629232709274
0.02418574304524943
0.7711869209496476
-0.3316725188101303
-1.0254747763704772
-3.3687367791867393
1.143696520229255
-1.592623878702327
-1.038909769816906
-0.022011008618103785
0.44946686340891584
0.0785183272354168
-0.4100355135627749
0.18720532591707845
0.707154935179115
0.15514377440663865
-0.5782631049575696
1.39042395987073
0.6208138512245976
1.8039476843490254
-0.32839603693006947
-0.8364981314672723
-0.47067034410675107
0.11833486774180045
-0.602090748837376
-1.265266562346551
1.2943172538757006
-0.29916983793871404
-0.8011866952167785
-0.677021894945422
0.4475547479909887
-1.8410429299411688
0.24551033623889537
1.0069136850705813
-0.46068717615652227
-0.3874988705846278
0.6504635870919239
1.4690032029764215
-0.15470571480982845
-0.7382782877215663
1.4765073943530633
-1.6117705697776634
-0.6657675289014392
0.7273084352929061
-2.643481621790874
0.3950042037924353
-1.4938338414606371
-0.7267586791652717
-1.57075169075918
-0.16236706602825238
1.3742319361605169
-0.8099275051662991
0.25615775137754077
-2.0955149068313417
0.0699892690720261
-0.6540150537495484
1.8338362018269088
0.9793518399504775
-0.9526766947109594
0.16090244929177475
1.0611981580735035
-0.10523619953470152
0.9014602241093596
