0.5191993727846522,-0.8110211375692462
0.6137558397938174,0.02012233825699056
0.6714610878603474,1.1185138263996715
0.48339432860195447,-0.7423587729340813
0.9921816346134443,-1.7671096859050672
0.5920334204947975,-0.4578411584601171
0.6367772340178017,-0.9229787712665686
0.5665507097656151,1.182512101819876
0.47379479753967996,-0.6809590352696427
0.6930647122629713,0.4282354150411775
0.9563973341687753,0.38354913958341236
0.7620890351783478,-0.3129942184109549
0.6258181154579707,-0.9522115376435355
0.8101201079759913,-0.18659398954899356
0.6088419550475938,-0.9245150435903514
0.8047102568685562,-0.12406518906738884
0.5240943235917036,1.6896592913980524
0.5485544577203563,1.8155455543324603
0.66629350988428,1.4892648592087065
0.47433949189058017,-0.14924598769914157
0.9295185294232516,0.6698840273068085
0.4852204032064562,0.36334995865736824
0.5391022994473953,-0.4787585425394671
0.6141152761949098,-0.2064492150926908
0.8347803396293433,1.109894763835445
0.6564137843853028,-0.7203630243961857
0.9679042262410865,1.8825451299263318
0.6335600735032312,1.286770318426925
0.528445778978332,1.4610057004349741
0.6668115395381299,-1.2616631459386112
0.6153159156250542,1.1546934737594452
0.634436716192069,1.4530917053487675
0.5784003126982536,-0.014015364382501056
0.8624097938234077,0.19496476429029003
0.6327714251944977,-0.8656411205010901
0.7562541125071356,0.14227002441055975
0.6587608839689824,-1.0864499396722176
0.8697103060750978,-0.28579302509850424
0.6404636282540972,0.32071062091756547
0.7553266439056344,0.16976940801077753
