-1.3136598700161788
-0.5872219161944401
-1.0758908381732861
0.5976269010515967
1.172142814342204
-1.2981129459468865
-0.6959775211153586
-0.5168308278292241
-0.35480660984004603
-0.39475119017808163
-0.1107355505927293
0.3781290108667852
-0.288328944589306
-1.7389227649185068
0.8217936757725801
-0.7160833020487618
2.037644984515611
1.0483892507514951
1.0210492142992333
-0.06423982971364696
-0.35558972391702615
-0.7105558188195137
0.6693494335034365
0.4005292939650785
0.14807178977308422
0.0007676488039852899
-0.7102844317746575
-0.4132530856772255
0.39172151843281555
-0.708463166438456
0.8131657094098126
1.082792734772686
0.7306785024028618
-1.3888198438551984
-0.19421631568592784
-0.7818964046735349
1.2798037624998924
-1.084914779970108
-0.9217894843651947
-0.7068125027162081
-0.4835727578622373
-0.2605620858186646
-2.0447811445227497
1.9514206308663826
0.4784324786614543
0.0017639581411545023
-0.801207812953838
-1.918712315552283
-1.0510286095103152
-0.047002968654598784
0.27799568746961323
1.3414597565314839
2.098821593909441
0.1438253842502127
1.1197192849722675
-0.7822640663785183
0.42753599502614104
-1.1906993316982797
-2.298385285418022
-0.4948828216138281
0.6084791120046745
0.008005815989089058
-0.18783251437942988
1.0428320218696092
0.08906049857972358
-0.40793857650078014
-1.0907781074970535
-0.3422136705953993
-2.184293594948538
2.055487284030592
-0.3948374690019777
-0.4434060013166548
0.4623310845096501
0.3658142751428585
1.2411481727179592
-1.7402324112608958
-0.8011996553670248
0.009103490885240376
-0.4592771221141451
-0.9436729930254767
0.007668102817964711
0.18126894300724145
0.5241780601538807
0.004591064373054983
0.9715354591010107
1.070537321675729
0.4769879486792007
-0.3710649612933441
0.48062867554301497
-0.366683616710266
-0.2540820898303896
0.6846452247916454
1.5051901053524743
-1.5970874459084454
-0.43877371403818266
-0.4473927323656148
0.9184023648441647
1.8466334237558724
0.8293177589844181
0.16033374669463843
0.5451607616235039
1.1964864940647117
-0.20613177035767205
2.0923524780775105
-0.2429046628432236
-0.9210633851723603
0.6902295948597265
-0.7154012323744148
0.8980494925622012
-0.33648750271054284
2.7487282723651343
-1.6689309604387605
1.4084138368905654
0.04314378247161726
1.1393132939149446
2.6509023309567166
-0.32559421387324783
1.0947438538379783
2.606947363294064
-1.4992268461451448
-0.4940023933502477
-0.9903034304501203
0.7038131492831182
1.4557283502982734
-0.2527411424130869
-0.7779550165166855
-0.5963119117558616
-0.6481085230666952
-1.9895888253144003
1.0881264437577194
2.2176649855215014
-1.2053885122088106
-0.8091906285791411
-0.37946962139822477
-0.31606561156416524
-1.4779282658339106
1.0122828456423856
-0.6256471478191263
-0.23748567183261515
0.4896444723036067
-0.6988910720930367
1.031429919437707
0.6961965404760221
0.06598503607045471
0.43623961083888324
0.8910659161274249
-1.0789360693325092
1.7343458914163468
-0.9951440343943276
-2.0153535168185455
-1.482286486622064
0.18620909298253988
-0.13816833672602644
-1.5860018911104485
0.7772893079832925
-0.4481034364556404
0.9634845668738939
0.7088939701090778
0.9236611908892236
0.02177214887786895
1.5736550651988293
0.05375065001768116
-0.26353599302415764
1.1882422706874511
1.979195932097684
0.07338798340144456
-1.5852030638355576
-0.10747549898842979
0.19950503319294866
-0.6673985855471174
0.2798088080589677
-0.6851128574013764
0.7826314441391363
0.6282213420984483
-1.3937397146056651
-1.4977780103870624
2.031170536414414
0.29173135880241774
2.2352579856856654
0.8005732389307136
1.1875385256728477
-0.75665066022844
2.8070804955558963
-0.09804676850641322
0.41950355885510526
-1.012490825462449
0.5152613695187445
0.058811564669435254
-0.5755173817433841
0.0160181111870114
-0.5853184717768667
-0.8170301307910406
0.4245615380726903
-0.09750745985258803
0.13369098137201613
0.7024878882622968
-0.5503660188010681
0.6801598581142739
0.5052414650688478
-0.9764163629144786
