0.8525467459376634,-0.47758192204954586
0.5577796974755043,-0.5165170870797718
0.5775107393284072,-0.02962350503360848
0.8040599517864843,1.268862235773526
0.7041222911309998,-0.1891848492367088
0.6702817062321781,-0.03068769020175954
0.6907996325151191,-0.15142669812606108
0.8206255068290923,-0.2390316292892674
0.9057605294861144,1.11565913659121
0.7194681701942524,-1.6299297469951806
0.6736167547822924,0.30019760788042565
0.6496393428929211,-0.16074698398235057
0.6635578803033054,-0.1661938362977472
0.5661890983725386,0.42824052330631
0.7406254621774517,0.9631251592496385
0.8508005334457825,0.3635925961035113
0.8127838491843744,0.9060984662514661
0.4768413126257634,0.578621995787977
0.6014102614620577,-1.4399598648163832
0.7541737988644688,-0.40924036021666943
0.900534459989598,0.07366727757137218
0.6823501651152749,0.8486383307478458
0.7212570510726363,0.38380801517600655
0.6014969116977162,0.020936534184578505
0.8293166084739085,-0.08036231833295861
0.7070925915587226,-0.8250769936121511
0.5821126275809456,0.3149089925633282
0.5959641642576361,-0.4292748607202859
0.6424721944320968,0.05853775914507218
0.6920854163022363,-0.5880471630811756
0.6637385556774518,0.9690541136901408
0.7493474711872191,-0.6155210523526105
0.5706374076862148,1.8177677604023748
0.7489625919202213,-1.2046815109191953
0.6300065322165868,-1.1737501086794289
0.6592663500494972,0.5484005331235284
0.44179452549493287,0.19033567142343508
0.634058541006071,0.23121974742611148
0.6855272243394648,0.563189331348702
0.4457196920753313,1.2232941063629166
0.7102516933448207,-0.6044436799659215
0.8426489338462115,0.05099806806014901
0.6552774692368316,-0.15765551085653354
0.7099937882146846,-1.0603717187696822
0.8582447862314068,-0.93091703558197
0.5600677999416507,0.042857619515813565
0.6632832782680459,-0.14132607914918469
0.7670098175273936,0.11811015428779117
0.6661675864640005,1.0386325962597278
0.5218550018743542,-0.03922888711030603
0.5992420319286397,0.08780606130288254
0.6917638060984151,-0.48812177503192494
0.6488301935381139,0.4357650531015535
0.8622950045803605,-0.3163937669260396
0.35214495860529893,-1.1876539697442634
0.6461004804361585,0.8202730263601264
0.6877063969962928,1.7528396282754757
0.7506776746611774,-0.8119705982254272
0.7183354298162942,0.00883375080345636
0.6849895383499054,-0.15993245531448347
0.598503698877662,1.2929187036942913
0.7353035159646515,-0.018160917497462264
0.5854873888355789,0.310621205603479
0.8798962549783836,0.3880825906265727
0.6050138828976013,0.018165399766746484
0.626799850843762,0.0663115007918723
0.8040996772227581,-0.46215002971156144
0.9048298476878522,-0.13100683917601424
0.7709082697426272,0.40363477265576647
0.5814728712579805,0.6288412631618795
0.6241803538036071,-0.40376287328190813
0.6681844294607076,-2.037139990373761
0.7237050759714563,-0.8119271270862877
0.7223505469817015,0.1591631934633812
0.6719379593021841,0.10883108505909
0.5761224957553983,0.6092617814279695
0.6283907052355597,-1.0380633887091928
0.6251572168174625,-0.22754327048062103
0.5864572604223053,0.8390823740113883
0.5943081117350602,-0.2051553220878074
0.7019875561637985,0.2341198601387416
0.6920158331294595,0.8617770168968129
0.676622019363091,0.23821199268457205
0.7285423678789392,2.2593865543774467
0.7497374939841257,1.216855931253619
0.9091249058776796,0.6108703625456047
0.5808544393805108,-0.16762882396199835
0.6195297473530659,0.46997167305236975
0.8612598665145106,-0.7163602794930704
0.5888601468083678,0.7606150558234381
0.5077196061239595,-0.2952323929397753
0.761418391157485,-0.3541106011792384
0.4577806051029192,0.12417381847912226
0.9851229672231356,-0.15503488101772464
0.6237280829247296,1.5949728303729664
0.8139754010281635,-0.3435986633244824
1.1018192151250958,0.42047679379461506
0.7261834082224298,0.1103498329150652
0.5027947380953574,1.6128531408032458
0.6546432736623852,0.1673623614485235
0.8596738261634529,1.0817144882989325
1.0642808389132126,-0.8059299776736873
0.6418417635446901,0.8472278246061715
0.5476787106568496,0.6269416418212811
1.1822616736885254,0.45053786363096215
0.6761790133144991,-0.6328948335084454
0.5453001372390586,1.1629720209389813
0.7338341849316505,0.9423030470622017
0.7112415484336482,0.372370558085335
0.98903123444091,0.3492354153475922
0.7730475012620392,0.5744801456269176
0.7730069900554353,-0.5662257193884297
0.6252896575883051,-0.6098230599866407
0.42835605429245316,-0.032954828920222695
0.6844920313435594,1.8578041743959306
0.562464784849868,-0.04096701950345473
0.9438546801613208,1.2483884686118527
0.6781434806181753,-0.561444020659842
0.6445650559454642,0.0134247382766823
0.8477930133112034,-0.7533750168371932
0.7524119741461613,-0.42077585035827975
0.5238460743672633,-0.41372734349525375
0.7343693136196577,0.5320079888317034
0.6994106506821383,-1.2208620750959285
0.7809678488147085,0.37643134042991766
0.5646844335329497,-1.581151180603456
0.8470717309186057,0.4520737759359415
0.9349128319351881,-0.7902409866290705
0.682232501197481,-0.1247675502405009
0.6923934206303904,0.14425456879563686
0.5444121058773158,1.0126399765368066
0.524990167426544,-0.35131433599474166
0.872517438823193,-0.034828635865362036
0.726825031586778,-1.7041067339453428
0.6133848653284114,0.039626175120436716
0.6728818299187533,0.037684292426777614
0.7165339543642528,-0.4176945938892813
0.6610180153169621,-0.524194812703812
0.5635414506277718,0.4938409399086552
0.769137030756598,0.27625936531732354
0.7304492806986173,2.6425711196890154
0.9252264555126076,-0.07557897681432788
0.7862282214579477,-0.18445481752307363
0.8566715788677564,1.293833323083151
0.5295357117273197,0.3677265632166074
0.43438009531500343,0.5604277809200084
0.6765650884291703,1.1294118663863468
0.8168977550838704,-0.36347458367521746
0.5671007905598134,1.1694761687209718
0.5198759016276582,-0.040661029414806676
0.6022014777860965,0.1796492084119037
0.6060382012597256,1.930307095337121
0.4680998517096613,0.33875436069582043
0.6577102815698785,-0.23231384491635634
0.5515406266793272,-0.7076998000745972
0.789999903727582,-1.3525578934984344
0.7989110545104959,-0.6198390335699747
1.173283437910941,1.7699751767972849
0.8306652908040995,-0.2880475856182667
0.9033573431513386,0.7600658817757998
0.8010983034728035,0.6443295662128907
0.6802256149342151,-0.2840014876714786
0.7102449518813742,0.3036015993254119
0.6764165575437748,0.7799415659609159
0.5542377967099895,-1.489643924869026
0.6629082111276404,0.5778868211937332
0.6586818334672623,-0.35566072318911685
0.7412611391567314,0.29659324368047774
0.7019730537077912,1.4715928503333269
0.5909734062964682,0.3508971367424241
0.658056722695888,-0.6255473178936133
0.5269494863781841,0.17223942534500664
0.46896516382299674,-0.6430179401857941
0.709766742185466,0.48422578868241845
0.6365845519391289,1.5274870967099885
0.9031069605127306,-0.3574243562889421
0.8228556565083346,-0.3776234408096525
0.5714748215558462,0.6594200182191461
0.572859754953796,-0.6837735103690109
0.6718161403520575,-1.0013186293878005
