0.7610703825749078
-1.3871880168447852
-1.0634336062862417
-0.7453383885433313
0.7115367471415925
1.3717509883520995
-0.2954089831036852
-0.3369232854706953
-0.2259671637539317
0.6292362577865558
0.6379632355107445
0.49094315725584153
-1.6025178719269815
0.883628799481451
2.1023704685002818
0.16215219218814483
-0.6988826198821338
1.195214440272449
2.0799261293826135
-0.3732689781199336
-0.5398160460269532
-0.1708926068494309
1.85913573760912
-1.90191574272864
0.991969959168649
-0.8353145639559894
-2.301427158723787
-0.5367433539749045
0.3327668318735106
-0.02696428198442048
-0.379994990120143
-0.8287136775277817
-0.14996089385091382
0.4949044408880482
0.7033517321688594
0.05481403969644458
2.542529782120862
-1.141770070271895
-0.8261188115939493
0.08148553607259931
3.6965081398229396
0.05415223245615888
0.09778478015533562
1.2578787223208225
1.0103987841754487
-1.5058791461799643
-1.4487882974525983
-0.6741853609562585
-0.1508880814997574
0.1393212985909745
0.7671037915456439
1.7324134001702551
-1.6357093003893788
1.1658526789655224
0.7173843571831872
-1.4071064176159374
-1.3013158684746058
0.7701371638976457
-0.692911483128231
0.4564606870584262
-0.7538785025977824
-1.41411876498231
-0.39062900239202003
3.257486036770874
0.3328792727262212
-1.1682563215065642
1.2488832267941168
-2.5729610774392104
-1.5505484306947876
0.8339792220063598
0.07383963230565209
-0.8297572592972363
0.5284542131345686
-0.37707182971659114
-1.3082346702476988
-0.8873267079546753
-1.3682927390846005
0.43895063052706723
0.852217030178318
-0.07313984629115482
-0.13795970177050945
1.3949713433109898
-0.30541451421349475
-0.8914630955675245
-1.470412502167412
-0.5186157823649188
-1.5607752817737497
0.5874209469412708
1.7044639725499873
0.8536086496523391
1.088673093442343
-0.02059037292491606
0.08013374882441557
-0.14029815607545004
-0.14004594285927863
-0.11089749508916975
0.6425947593803404
-0.3246116367852086
-0.2734111674966818
-1.2256842567571191
-1.1735534104748049
2.461012432989842
-0.007430297508980543
1.4420677557053438
1.7503520664576895
-0.6644352600212287
1.2101391987248948
-0.17189792062984108
-0.3572067719776106
-0.7077782523251701
-0.9933920589575085
-1.9295340007544508
0.6306653044008628
-0.8683557220245471
0.8491468773207056
-1.3473158843221553
-0.04546431570642402
-0.8417049327167327
-0.14074760885168608
-0.1050612721067992
0.16568466059271553
0.8236826655182998
-0.39707830033016117
-1.5865886436463215
1.1952520997707354
-1.556362322489015
-0.911974269374256
1.1876995730941364
1.8604268562697024
-0.3310538849004132
-0.563561539021181
0.441312932120987
0.05256454318539422
-1.143567756915934
0.6070844482804441
-0.5085239563545358
-0.8871319752455037
-0.10038840166286041
0.6917656152127086
1.6942402277661104
-1.0611108615640767
0.5506462669567554
2.048514960412056
-0.34003367712546423
-0.5054273610242236
0.6554276262461655
2.0893254138223503
-1.1751402204574928
-0.4249929763038742
2.4374948791614717
0.6059193416268449
0.026531017956887237
-0.20745235858781114
1.429549512012634
-0.39587370837051167
-1.4618993132178233
0.0309940430508575
-0.9860358127052263
-0.9666973051445845
-0.06615310001715423
0.5744636474852713
0.2113918252137886
-0.8857840413404677
-0.7959913441146826
-1.4969419709836786
0.3014737242475665
1.8949775585608435
0.2579330128806704
0.6282814107270637
-0.9084581641930918
0.17133828938992726
-0.19099403376279997
-0.3242972582505324
0.3052842939754094
0.18331208423984033
-1.9111655247717327
-1.2109646271587926
-0.8955835882826418
-0.28214733953598176
-0.43426092474769873
1.9004632499145815
-0.13684642383038498
0.16787126605889907
-0.26706427297561236
0.5749156544828674
-0.6178910636813739
-0.11184414076499442
-1.9000336354877085
-1.292048634304686
1.7998775405324157
0.1923704277136112
0.565088883435793
0.4410708810538273
0.10607526885107561
0.854885640217874
-0.06270852818136825
0.013276506920706557
-0.6057983883214316
-2.054755936589667
0.7472597455846292
0.3066083647372587
0.4178886857191281
-0.6501735685929996
-1.192603776124211
-0.15925784194512085
-1.9375310816779956
0.26850593269838857
-0.47135110465598196
-0.7194982057416773
-0.33336485489064743
0.37158251020119715
1.3985703330993986
-1.2879801954438022
1.6302233874701435
0.18915336571437466
0.19010103765226516
0.52345526372563
0.8883813922466428
-1.190351176102294
0.49583731652095475
-1.0985134894442194
0.6309231137169031
1.4065788919394786
-0.9583726213619898
-1.4665884783870704
0.9321197985314004
0.287279604548789
0.5783378313997932
0.4850266596798267
0.8965949234485037
0.2277231018793593
-1.2952776693731718
-0.800434812371312
-0.07127272577394825
-0.7811137854463583
-0.6174868089391791
1.5565985760208998
0.26214670574671983
1.5075907755365767
-0.6198262883178358
1.507452859864915
-0.19251849094825402
-1.0941500385863443
-0.08597911868171697
-0.35041954839639217
2.1885830588874464
-0.47403377487496023
-0.9848815685663141
-0.25398846417741877
0.39058008183076914
-0.9216258697599274
1.081468735899984
-1.3096020677453166
0.8640882569374809
0.0018267828597260652
-1.651921509217938
0.6504140014196168
0.21236417648788636
0.5614364696405316
0.5262076302626453
-1.6251244693068179
0.24609468257398795
0.7274472049219023
0.11058541864110107
-0.9161010680286668
-0.2832774037811564
1.371175978633399
0.8815380515729473
-1.5032955122354974
1.2584795756320222
-2.4446554588755895
1.2050682010530571
-0.7973816630936638
-0.060011682343726544
0.6562151972253285
0.05174315638536342
-0.3456789892247781
0.63270832364521
-0.9673818307229729
0.3708889778482529
0.5766545622505219
0.2067695879724006
-1.1232822694954756
-0.2918767901433537
0.07228850582376478
-0.5790846705923104
-0.2064378608327754
-0.7982590450472178
-0.3871036265992677
0.5642129784206427
-0.9363014815028047
1.9814865520624823
0.32331223935606845
-0.8798627040447333
1.3587179791819413
0.7715362349936726
-0.5554517543847872
0.843174056009723
-0.2312279300090383
0.657575659117012
-0.59067101547349
0.8265206308897881
0.3893759612431657
-1.4842952970489678
-0.8423962722916714
-2.651582785799518
-0.19504061572410025
0.6663485372415945
-1.0852172270428555
0.7342374240031571
0.5055835917255348
1.3981752330091275
-0.8803624404853674
1.3217169521161256
-1.1630769470887796
2.367491443842679
-1.909820957890046
-0.6773195992417783
-0.5736006223856627
1.6332122308823485
0.22226705492591764
0.80228219545037
0.3050932868156673
0.7651775055466778
0.6590797514691874
-1.8167159888153668
0.6090858468025011
0.3967992237496371
0.21391180160497011
1.6717486891291422
-0.49492896870605213
0.5717788598605124
-0.8834077173475976
1.5231465651834262
-0.728625083710831
-0.31156302267348046
1.4983449020757662
0.12244547140999482
-1.6253227464469489
-1.0616679821486112
0.1174672253552241
1.796811562016941
-0.15854399611596184
-0.20527450360649976
1.6705354336550533
-1.895289649368527
-2.1553986039984125
0.08694375266567574
0.9199560927814118
2.1197100222053797
-0.0218055656903911
-0.02016115940015355
0.2928685646500461
0.49041771904929704
0.18792434895092647
-0.16131534684450086
2.0694170122915527
-0.8129681082475398
2.1038381482648365
-1.1163030950362633
1.0515291204442971
-0.11320364099458662
0.7671348168083566
0.10490947161053728
0.35506735565117786
1.3256211216016873
0.20975564825951815
0.46512804397418667
-1.6356197144622158
0.6517962368278158
1.2456889382915641
0.471718583189569
-3.2424082882792207
0.8612561084372929
0.3107940816063331
0.8927475700415122
0.35315850355426703
1.6559986057403506
1.5149458892555465
0.0994220010659719
-1.7515930366526573
1.1123935222590449
0.12143342711752399
-0.035409206275316595
2.1469814216525616
0.7503397291798641
0.784460953657479
-0.6562274590224676
0.21238857713059617
-1.3397665245253856
0.38646507923370227
-1.526092348293161
-0.36643164498999237
-0.5801075304711542
-0.48353275947417274
1.1894665766016108
-1.403002590746513
-0.6561738544164075
1.124999610102584
-1.4242924579954028
-0.5176977828902287
-1.3590628498035082
-0.9781607996567682
-0.7659266570870517
1.6154192898956912
0.8913450186047956
-0.9466789752613683
1.1469115278361457
-1.0642214109964785
0.2939556270534541
0.7674369011187655
1.193136416325722
-1.6893281449987478
0.47264561711691694
-0.3767057874774033
0.012486920843429191
0.750312861440834
1.1084629663641214
1.2988422389786103
0.8486755706828448
-1.510748031204709
0.680040906606202
0.9359956068392336
0.6099823504184334
1.2577798620083955
-0.573281541940643
1.147984133388382
0.6906505381945501
-0.8653447197089514
-0.6550951163379675
0.13807611734551514
-0.15976573313092432
-2.2013138264305283
-1.3591016531143651
0.7096527518383517
0.6726690488684328
-0.34908614828755696
-1.02529047432498
-0.718472408661162
2.117822427135958
-0.4685200790957587
-1.259755050706471
-0.32040808336720755
-2.582048315135069
-0.24342755708185224
-0.7416054074205213
1.7625346616353506
0.6641248053489028
1.374370273934993
-0.18515306229589382
