0.5943837153408912,-0.569932022557822
0.6963297390818679,0.36360616749427094
0.7655664130541068,0.33742123867751606
0.7004659817717138,1.3220211988444652
0.5491318364600887,0.07572046113461929
0.8946633516114376,0.9024065090858062
0.8765720282511168,-0.4306225292242441
0.6775040383160472,1.8905722370049935
0.627176132806104,0.5352965212355663
0.6305593506371141,-0.676722969098181
0.5275788031414461,0.8705206657173508
0.775479483199902,1.024104245921103
0.6567183178645379,-0.2906973011339342
0.5517251274670052,1.6871082040753818
0.809734978483909,-0.7710524771596252
0.9819677682143613,0.8060832818487682
0.5368036762745407,-0.4523857489453176
0.7758708123558171,-0.05079144770000835
0.7013025502749014,0.815096072541858
0.5809818552479483,1.6316240248365137
0.972367418361278,-0.46851789748425365
0.7077936564128,-0.18162654476389578
0.54974605727653,-0.017585161809103557
0.7441027694751836,0.47909204163916064
0.7168714861115822,0.6464663812773552
0.8403070918229132,0.2935044831870843
0.6520136912222306,-0.10114442908651143
0.5888780221267699,-0.4855702695767331
0.813357319922543,0.6869741781826066
0.524164040251594,-0.8433367807907886
0.6740697885789155,1.0090206527725636
0.8008764699107483,-0.565012359585724
0.5745095747999808,-1.0171501747202094
0.44494434822436957,-0.8029008134333607
0.7104155309652054,0.3830711738527021
0.5418773475067774,-0.8482045942969657
0.47080215918009977,-0.6942910851834657
0.7983275333448551,0.8330883047084172
0.8651385632158443,-0.5984236752489528
0.5525840797720439,-0.3588400202421285
0.5276351291246262,0.9828830837961172
0.6826160499300469,0.6080955274046083
0.621784623637324,-0.25436556180498465
0.8489532386656368,-2.0751457442454004
0.755122091043571,0.17648056566458994
1.0489671465411075,-1.18901401085553
0.7257217413890313,-0.7743787388594431
0.6012342581543376,0.6587063767791506
0.79630718413717,1.125354138680229
0.5902307176586006,1.276182723284504
0.8037779148457651,1.4988971522641032
0.6840298196626262,0.806382177156655
0.6237884352810404,1.5801197077637628
0.9248817757465639,0.14803781062865817
0.5528148818096973,0.4138673975177949
0.5139832928610236,0.08254124367621793
0.45639600739442104,1.5535642759849608
0.5949505270060287,-0.8064495910705087
0.5347090136626346,-0.5447705926801587
0.756742436408136,0.2565680724025362
0.5555531573782232,-0.042026528657191885
0.5822918911060163,-1.1654156399717936
0.5518976324834901,0.12196541629192464
0.6756841986879129,0.6292731818131022
0.5207619198636726,1.9320244040482468
0.7371602266124161,-0.014659827165782246
0.6601912542586754,-0.3215462033652087
0.5812834597027249,-0.4378465314019885
0.6722787750981661,1.0073460849852773
0.4606000921602627,-0.4902093027986847
0.6539517251680177,-0.028615580391307842
0.6614559916617709,0.6551764093860942
0.5486351392742934,0.7986311690271851
0.7495599095524228,-1.7912252717960908
0.6922487540422333,0.727261951655388
0.6956780785628209,-0.5205274730584594
0.5991091058407423,0.3151090190489968
0.7044594851071351,-0.25933904035978445
0.7544081716676613,-1.2260108432161327
0.8033422681096952,-1.1234824842910256
0.7490328379131467,0.2202688424432453
0.6154592621750029,0.44283266928881193
0.6051154237923927,-0.1528915460870134
0.6132656920136164,-2.534257540663822
0.9598614333736739,0.09074386485081395
0.5444718959031349,0.43281267715729915
0.5218164620139473,-0.7519222295035264
0.7787291280871711,1.1362073715076388
0.7448015607960897,0.3017522389252466
0.6647932253980265,-0.5335066627819466
0.6671788944741738,1.2172997145991362
0.7013246339283953,0.5602782057445087
0.6535257550367636,-0.5075136456886141
0.6526360130627458,0.23712766603785426
0.6718170167338515,0.47887189448582435
0.5541097243687321,-1.2988872252093668
0.8721923487158065,0.41080385869025443
0.4826031501076609,-0.07131713036182573
0.8056001117688104,-0.004446316079925961
0.6912269534392129,1.510246467476762
