0.003190662293412732
1.1212857639840468
0.36168595030259754
-1.6526155801015532
1.0361977154760453
-1.5086107905992543
0.28684584484557785
0.07454225894380484
1.3799265176615845
0.6965475441473815
2.345002920819482
1.0274741953298
-2.0058569612474866
0.40574879186149304
1.603186307560992
0.3889909679891142
-0.5254626427804017
0.3295642326098626
-0.6689947071489306
-0.5782118831974793
0.431539267007463
-0.7830293414873734
0.3396535517141757
-0.26410924615695003
-0.484562376089323
0.19431416559612952
-1.207549012060764
-0.6128221458698533
-0.5524049729947204
-1.1030560895940662
-0.11576603678760627
2.7352404841681635
-2.0436642703870467
0.1805136034590012
0.12052196408312175
0.40535863737467737
0.4467615813677355
0.10097927596431581
1.1104863150663755
-0.6637036536182396
-1.1717762838567027
0.07191138849944985
-0.7947069819856384
-0.6072352060297467
-1.5518248217242974
-0.14567928778742967
-0.3923582309593064
1.1183980516930438
0.10244591318861801
-0.44393916649270276
-0.055199081656632246
1.2977752087923426
-0.537176816149433
1.8711264562072887
-0.5425410482718432
-0.30351628481705367
1.340743616511713
0.12248997049113296
1.699529642700686
1.1238962278939348
0.3166793559402216
0.21619087691745387
0.3997840701757723
0.9235762151610143
1.806311450474356
-1.1319735823140062
-0.13770314887099605
1.3226716058680428
1.0031338545241562
-0.6611490630799237
1.13347494030773
-0.06387488255317154
1.2418389360184672
0.055876779022478146
1.8293144507056265
-0.4217120227348478
-0.5511426735640692
0.594763806311233
0.7685810616850515
1.0952718343884706
0.04440831435666239
1.2701255246740761
1.1077873040574941
-0.8776092955053696
-1.0046138230126553
2.384791150340961
0.24092356925818748
0.3494839649641971
-0.4695225001055138
0.09325224683625534
0.939697720974877
0.48682465202156877
0.24744264964724302
0.031193239281455433
-0.11823058958485866
0.44810929753239714
-0.9654785541257246
1.3186546350370942
0.5264148075161528
1.8455282184427115
0.4195312591909892
-1.136598121274089
0.4182940148326283
1.1208170445522068
1.159242218715686
-2.550723212614429
-0.2216971532351227
0.622954825337505
0.29143475240762057
-0.8343366949056819
-1.4674620118246788
-1.1577923862233817
-1.4426328787366747
-1.2587321270808574
-1.868709896776249
-0.08091810159298218
0.5128673873076817
0.16548769582950482
-0.06439935079510432
-1.1908258234492894
-0.39998169653700916
-0.022574906767078507
-1.8447755450033458
-2.503820540057407
0.30398979300016216
-0.2574317877324448
0.27254927411728774
0.030621168119378917
0.5948015769866335
0.8246354307471442
0.09253456596733299
0.5935872506432192
0.04772240817732418
0.9157518878655306
-0.7887293495791596
0.5172226862398164
-2.2097580303075013
-1.6550437834343985
0.17887615703643564
0.43570411674439147
-0.46551637516987837
1.5057412006936308
-2.5111238410926395
-1.0205226243845729
1.480566066022268
0.6551424091856082
-0.869415897133582
1.3840314780021954
-0.3170756419402133
-0.041452132177594365
2.203711353019921
-0.05339814834787959
0.5506670409433155
0.2937317115250782
-0.2451946362696627
2.4663681415392613
-1.6642984362202446
2.4795402970127496
-1.1943190621744908
-3.264002521499963
-0.42044061141817585
0.5827167729476992
1.9043496792947754
2.4109514977979303
-0.34591760744418554
-0.329519736877211
1.389343389098044
-0.11525806947925858
-0.6520511165712739
-0.03767524305653482
-0.8073209239973691
-0.18181058631364125
0.7634111253925806
-0.8850909015784858
-0.08727006253129255
-0.3045031708253302
-0.2090093884253722
-0.0791287216422185
-1.1026546247859597
1.093539782357468
1.4268197331921575
1.5157870590073128
-1.3097275010364928
0.012884008005671703
-1.2710416443698709
-0.9988090867814137
-0.21104812992610864
-0.05225089401842879
-0.1279895029635318
1.2925144197164466
0.13466413725056722
-0.0021388734179544795
0.8578769464943388
-1.781045746463028
-0.21799552619406085
1.7030864656371933
-2.6277420207276836
0.28396357016009954
-1.3432001148462354
-1.4248223076305615
-1.3176260945706013
-0.3305809900058035
1.6275455755697688
-0.5669908476933765
-0.3785494803135577
0.8604674793210134
-1.9736316425228935
-0.5616667726676255
2.1815207395194616
-1.21416406795014
-2.0504363175290177
-1.1491113972654368
0.02702048847899575
2.423175403793837
0.11601443163099397
1.7361280720200534
0.6868885301382063
-1.3307009516026118
-0.8150815826334099
0.29680933426659856
-0.35574888609956734
0.6547243597989798
-0.8420420418628476
1.4195026119669192
-0.21644449850059505
-1.2961539642247575
-0.3420801619735138
-0.6278917567983201
-1.0567713688777656
0.5823610281211253
0.43906474995560474
-0.6122503020430613
1.246657441809675
1.600023700368847
0.09432313274452941
0.7041982266836797
-0.42438510075156083
-1.2318321130798584
-0.387667013690606
-1.333750845166266
1.5803361510742515
0.47982869561880087
-2.0273495809046564
-0.9151761982586791
-0.26641332863273137
-0.503464547879596
-0.8875422050857357
0.9115856028972756
-0.5790452744512808
0.8381174521583131
-0.06659003520892343
0.36349588346328354
0.7874502513909736
0.9814190937924023
1.0767687211467085
0.9904166806747893
-0.7001288691808812
-0.7642085271923421
1.8074200740087591
0.00624784338159141
-0.2277193648009024
1.9453363046846348
-0.4404597817355216
-0.3938975433900771
0.0033259495182610867
-1.3119250849896766
-0.02873910503358516
-0.1993721772244594
0.38574288272549384
0.8733636790154724
-1.2000800673401717
1.619968986425588
-0.03703284148821814
-0.9474455385799843
-1.3087600590018729
0.5123895491241296
1.946327247326209
-0.05787450511248819
-2.086953961516396
1.585940787570746
1.923215888250259
0.4555117730598515
-0.06026694157597859
-0.40020572991601006
0.14215482712070132
-0.8924568416734198
1.125814300282437
-0.07775912289346304
1.9272304254111223
-0.3950002635760211
-0.2775647970868234
-0.3522548229952414
1.7884290709924429
1.0375594695005435
1.6879654518622806
-0.021678534185629737
-1.9184198709957236
-0.7642980223083304
-1.5009855866959085
-0.2672922551290833
