0.5872556424915828,-0.7447683687688732
0.67529893664496,-0.5881312944027568
0.696031947017624,2.0380217659079394
1.002066192832446,-0.7883266399144305
0.649767461028365,0.2410364032517697
0.5225393652296134,-1.2326404175909649
0.510229673713149,0.46116543102465235
0.6259599896225255,1.3096047141967617
0.6558246296039763,0.288329260590159
0.538640542636077,-0.0471051928968961
0.5122963206604331,-0.12502144586558872
0.6617300568998894,-0.9767324959736841
0.8799915211197564,-1.3736947301018736
0.5754446660398642,-1.650376304790775
0.9583380964640701,1.036713787962793
0.681057210292137,-1.3383507901264216
0.6759610610139105,-1.0609006248637047
0.6312906615219888,-0.21760508707489787
0.6867710939603417,1.0566898991807592
0.6091902807313505,0.23921443549404137
0.6535544916326673,0.992975115175397
0.5477852747685972,1.0291704972194557
0.7413507718978422,0.49205357500295643
0.7523155361672159,-0.5341572408717353
0.6461876004225805,-1.490360611211076
0.5131079217478279,1.5715071103021105
0.8393356734118438,0.4378546531132759
0.6274282130314602,0.14106115079892703
0.4751004428643937,-0.5195894284749653
0.5641091988940315,0.9447273387417806
0.781724627143822,-0.8003352227647936
0.7339392851129893,-0.6316227998533177
0.8450181347184733,0.09204614179161312
0.7535738802565491,-0.30094217302773163
0.5077903300724383,-0.4697077148785128
0.905448387553322,0.38677117237686287
0.6137230710632634,0.5233653376618802
0.4702095562890481,0.5907557863432881
0.5917775038861764,0.7223401819615278
0.793044865585465,1.121053444126615
0.4283975109251933,0.21869801815604772
0.670552838792988,1.5387402893694382
0.82924649189706,-0.5061970536544307
0.588469289251488,0.1256490196999421
0.8055321764899336,0.09657625092183832
0.46601476694351424,-1.11559781663363
0.6237904316807866,-0.04370282544441909
0.7554546246771139,-0.8262526141154772
0.6270142351792158,0.7041256492860977
0.6578233114801818,1.3838611631025595
0.7352094159339718,-0.8576190835543768
0.6232146036422603,-1.4316725461665156
0.7403394049065145,0.5721571598450265
0.7197202558625353,-0.211084601417363
0.7339052930981538,0.13229537720795992
0.7656608532133824,-0.4184540030145736
0.5488635448757226,-0.11075980976301746
0.6372808509316729,1.423206186537919
0.6491684928385668,-0.7729917152274631
0.6031560603553101,0.15521909217847513
0.6376666819926695,-1.1021854720901247
0.6048690019608209,-0.09103298335986075
0.5750123238526174,-0.14193534931133697
0.6662705904271733,0.6037636278068386
0.684508230346189,-0.1756046925224411
0.83201390111176,-0.7159447277421624
0.5027037633273924,-0.07222940490166484
0.9514378378756345,1.4447995673396576
0.6030374064475856,0.3390575250550396
0.7444467670883484,-1.018998153751211
0.8287508779852811,0.599660371124942
0.642730533965689,0.032087022535775056
0.8293161575381909,0.3882176206588949
0.5514874649272645,-0.3681216841565829
0.6486893485925297,0.4277057652295666
0.41116997616145406,2.2069483673739625
0.46141905759896107,0.10964422526993207
0.881406599627032,0.0024871570091825747
0.5897074190539727,-0.32118535414926314
0.6578094035385557,-1.9310889195164882
0.5183112553107497,-1.372418455175149
0.5468037890408599,-0.5968503496631635
0.5401906730730236,1.066331468495502
0.5850498490623339,0.21738221103330455
0.822127472515806,0.9007733827621134
0.7495168760331947,-0.17088560132772457
0.7872439369387368,-0.20556475683981051
0.6248075040439373,1.1317758405881921
0.5121858094176137,0.8373635147322739
0.6457978785936874,-0.5707968544608755
0.7220219805617053,-0.6793774186126814
0.7337368058364542,-0.823238402494051
0.564802854529914,0.27055336362624377
0.6231855258412262,-1.6885878457283812
0.9185524499690162,0.09383355548155058
0.7646880584094422,-0.1397907257030479
0.5626097002113731,-0.5220565991501981
0.3525482222789906,0.5795172336558556
0.5752773645920429,1.9775480391988964
0.6610677335362188,0.7669888775654004
