-1.4837561865877928
-0.7101726664676737
0.7546286971232694
-1.4434512505093335
0.11971260602676029
-0.3974515029917427
0.06569028561503237
-2.0451544234041164
0.3784303978863531
-0.026130408721326385
-0.5292837543604314
0.8373366970691648
0.29257206431255506
-0.7502043603298062
-0.9997295165882683
-0.32368681259538057
-1.0453342672406325
-0.20051113761883496
0.25198149290265337
0.23872726862312676
0.20219252433577095
-0.40083182749081725
1.9712282022909031
1.0708589661553907
-0.9830295635674751
1.4019212553887714
1.130617121310186
0.5571634614812411
-0.5341747554550967
0.023591848668842653
-0.8087591655756844
3.312301081420562
-0.12396008204903444
0.21454853529567877
0.8366098673238275
-0.2588787120559086
0.7507369155468561
1.343004376323969
1.2721588283524987
0.119668301998709
-0.08407387475114135
-1.0179594973508719
-0.7404966597300515
1.2629021822031534
-0.3021419201648253
0.6132041751551162
0.43230895327464114
-0.9545697982002636
0.9398874952786356
1.3492784744966533
-1.918576553872654
1.2073090433188745
1.0660327237139906
-0.23520151922533516
1.631142521235926
0.5934546133130181
0.3032854522912385
1.4813672279952246
0.9540256481278855
1.7242598366183601
-0.7569419871211414
0.8822781182556001
0.07622457577924979
-1.3893651674319538
2.3996114814381064
-1.0968224835046778
-1.144042095556908
0.19242966917236431
-0.721086629642299
-0.07512501223757252
-0.34200868696797543
-1.0871721105629077
0.47071302001405546
-0.19318866060123668
1.2275678104992638
-0.5550752407249666
-0.48614280184241193
-1.2402703458978936
0.02216314430541398
-1.2814458313259018
1.1083385951411995
1.5180961821303809
-0.6791662545418233
-0.618370863933288
1.9038406227453168
1.8185528363445351
1.0540427968108113
-0.3102981851222079
-0.8169150899069115
0.6453281731382191
-1.5449151371043928
-2.3939927983106317
-0.36534736494121506
0.6154803824770764
1.052889010076495
-0.9089899409355963
-0.296869830598652
0.7433148593290511
-0.7578386575964944
0.9722810700170733
