0.8329109649221121,-1.036179384383281
0.6872003268321483,-1.2255607028880608
0.5979474922449713,-0.9438067657790885
0.7239336264585967,1.0347241254541488
0.6578956529577179,-1.0366604880784938
0.7863262959974213,-1.6612837568238967
0.7074798391720972,-0.2031476682942592
0.7486874543355134,-2.115920523604093
0.7619494015535158,0.897548157541802
0.604949254463904,0.04317043468327853
0.6049001215683577,0.6295066951133363
0.9106396710350171,0.5716537127894281
0.7281127236931147,-0.6129471447298037
0.4909227426525215,0.7629765886361738
0.6901439226022882,-0.18941119906473006
0.7459059969241691,-1.0540970196808161
0.5585459076201651,-0.9483625830290076
0.62333295894945,0.024203425682018644
0.7700661500663247,0.2946768936488194
0.4544696570227091,-0.5822825142079501
0.6827270635950744,1.3464072993489797
0.8797529777199316,0.40556415521474276
0.46803334293002447,-1.0346011328998563
0.5950760817744424,1.5051446335256462
0.6127874423445171,-1.178349323428756
0.7131564750060883,-1.0729238065572286
0.7208456688098033,-0.629850637471462
0.49924214590648175,0.18886405527816302
1.190787279572876,-1.0702053608445865
0.6984925787568065,-2.8868979209308834
0.7270260910944327,-0.31270577856903764
0.6289990956036396,-0.482116645339119
0.592766508256207,-0.11288734928398572
0.4759898869837772,0.025034241958275343
0.4681913711387414,0.03132295313843149
0.4712473147528673,-1.1763088608761179
0.579717582704041,0.9920579931973743
0.8016768686165336,0.0380651342626782
0.6921889219139411,0.7654145432312078
0.5510605194191975,-1.2956251874015299
0.6996483702614089,-1.0874616075576944
0.7354924266602941,-1.1425905576926167
0.7907163082330906,0.7464939154200834
0.8070865853363651,-0.4368668970055593
0.5984388899598676,0.2877909442523476
0.5846973565595138,0.1107873309220273
0.6397097313175862,-0.9961678311339057
0.8584426949641476,0.1474512039945289
0.7528280104076853,-0.9102946185389382
0.577461708219645,1.2440534112301036
0.7757616236533065,0.28824553991498864
0.633369007277858,-0.3207890402644682
0.5574764416852594,0.31540294758208304
0.8623819677208678,-0.4198561061603374
0.6244148316557246,0.08823861882917673
0.7368313343095337,0.028985646450179526
0.6793715888080416,0.39918652178636965
0.49874886289105486,-0.8830045957893686
0.7000670149315008,0.29200931532442803
0.7095939252539516,-0.6185054727442503
0.6882748034455233,-1.037963635384403
0.5527676749035804,0.6994947540510909
0.7372660795022132,-1.4909008974491145
0.5371894988411111,-1.4562245828920741
0.6805162789034556,-1.4730917796087428
0.7982988079956537,1.1140731993194282
0.7048086112079359,-0.9897238584026347
0.7939601561637329,1.420395461715827
0.8356979610896734,-1.6408749911798182
0.6604139229243882,0.6134299767869227
0.8177976570112839,1.451379955042592
0.48544909783085566,0.6506840391509742
0.5392473321376674,1.7643255948473138
0.9551706501465734,0.2733737653261632
0.6176878741030706,-0.9356919876258545
0.42266803485367727,2.86077807795749
0.5805904467566049,-0.5669637617154875
0.5925443217238685,0.6477403915584324
0.6217141798256933,2.0238369214408864
0.6555630215518408,-1.5192463710415438
1.0341225614050744,0.2845991486510412
0.5849777180038866,-0.7768146145633381
0.6224447933167716,-0.35546401201398503
0.6037789841523054,-0.893567635014589
0.7605479238274151,-0.8058453420097195
0.5733446178538572,-0.1401995063274414
0.813158333151639,-1.8793320157819622
0.6653621979559037,-0.37358999355553874
0.6790677777156848,0.09207081499618876
0.6143424684887016,-1.2603259907264466
0.741393790661831,0.6664346213501567
0.7249047832120675,-0.8999145062964539
0.6388839738616554,-1.2793164792244005
0.6290947952676962,-1.1278622532791633
0.7095935970211306,0.032374746437843195
0.6341272793973958,-0.5382891376973618
0.42240380403785766,0.45432828628203065
0.5965627075794235,-0.5649013592525167
0.6407918651798864,-1.2902041075960269
0.9193243126488473,-0.5623067363026062
0.718222261901326,-0.5696171664254059
0.6945600797433481,1.0959806876046034
0.5991727050521274,-0.4056482627433132
0.8143835909966657,-0.8726044763848579
0.7656661847076369,0.15599533687168848
0.7560005342970227,0.10777593471891661
0.6165945693231203,-0.9411228555894784
0.5740183219668434,0.9208687820317156
0.6171019718322751,0.2898721911576233
0.5709382735205483,0.9449974695527288
0.735200461728376,0.548615671464484
0.7278169598043323,0.4690587100547336
1.0882651832739423,0.08911917088066214
0.5956922475823359,0.2600147794447228
0.5365750450557013,-0.18018648681711608
0.6890860080204142,-0.0660429509014197
0.6634739032029886,0.12892671147393106
0.5262954755843137,-0.570369364231124
0.7657643771099264,-0.6191811237317768
0.5417109630188081,-1.3491063228153883
0.5554695231931353,-0.29505310537614043
0.7587877649456838,-0.021027248670851734
0.7467822576041165,-0.49730127793618284
0.6386525884951427,1.7230678720161037
0.537025922827352,0.689566590298168
0.681640107244951,0.24962431655150638
0.8304465052677311,1.9746114838787068
0.6080447785805684,-0.901723912928619
0.7404534223161073,-0.07491755570034932
0.6703616531693594,0.28465901933018445
0.8918102164174693,-1.4162241309702843
0.7183239369526806,-1.1220195238959416
0.4481248726613,1.62078373859181
0.8789998790077752,1.056790257991596
0.4587441545870913,-0.747093283671871
0.5441619443407988,-0.6727134680592521
0.6432927989220292,0.226316273816395
0.547375427860663,-0.01154453233969972
0.6008404909857336,-1.1118530152248511
0.6827022008587957,-1.1302469893175189
0.6549865256768028,0.5641435833042578
0.5892552079309032,0.06735657214793501
0.8245743231064037,0.28311577073660904
0.6792103266792513,-0.742324832535918
0.6985166087128883,0.7542646493659926
0.5237654378856826,-2.057273031969521
0.681092796218004,-1.7677343344657046
0.8154599546606099,0.3726814098837992
0.5395384733240992,0.899719058984992
0.569579082126575,-1.104672490986387
0.6209546907691317,1.0689776986130728
0.40089081295992873,0.7471539817158493
0.7437444292350726,-0.8535778098780371
0.7403400029272236,0.711851030456784
0.8540803280243786,0.17559041765830363
0.6481470754376034,-0.997420605900158
0.6500704994726151,-0.7782232404229723
0.873407164782308,-0.3584083514124744
0.6713332352545925,-0.2427860079479594
0.9334841055873451,-1.2588497490900719
