0.05212191013615185
-1.3770207682859217
0.9692027812390133
0.11494464517584684
-1.5227527171747888
-1.1379572887993104
2.0145439852234075
0.49306833937109207
-1.8127633755597046
-1.3295423423448334
-0.8445443889216547
-1.5451437077395096
-0.4149491298134213
-1.052620417618051
0.12036968532789978
1.0627063612999528
0.41964467458327737
0.19477654506306924
-0.6174735370042611
1.1636143321026298
-2.2239528104801716
-0.8668770378270156
1.023887114030634
0.05118396911707465
-0.586774215190041
-1.21482113850332
0.9656253083861276
-0.31276340112800344
-0.049888094700812444
1.3572083413945808
-2.78134340271431
1.183542459874067
-1.1129595039375704
0.5616624881256329
0.0948955020403089
0.08002289528707965
-0.26700505621905407
-0.5318945258012643
-0.08564910452533779
0.6814876915601914
-0.7146173624102193
-0.3780136619235568
-0.9478804167247789
1.7862020957331235
1.4917831824285253
-0.006476003892746426
-1.0890076948834981
0.7526424743119163
1.549574419124192
-0.6647162633990928
0.7140906816411702
-0.49864883742095845
2.2101149002215728
0.30099213733910785
0.340134904235619
1.4572318405213256
0.4570979730626827
0.8434443884115226
-1.162544116413999
-0.11184008468194205
1.0949348617411172
0.6158700558760133
0.17243008682580666
-0.898239189797493
-1.258095436261502
-1.681636016531951
-1.7945995072856804
1.3822290867411349
0.6643160842081727
-0.7603338669582096
0.4943965160921448
1.8101436100178179
0.2042457694892026
0.9689219334187039
0.5242808907431952
-0.7034783501956978
0.23032437346308895
0.6093018140647875
-2.120523388123131
0.7250981260741732
-0.32236548976282137
-0.27245128483513575
-0.06176368033845832
-1.709128668058489
-1.0726133520167014
0.4773295161012102
-0.055367754886407335
-0.3965200684852108
0.2984794369134186
-0.1271784898455842
-1.1920876932498954
-1.0271752882771326
0.701269724560283
1.80151240077512
-0.3119293581273816
-0.6940245961691904
0.5503828073541382
0.6040131116284372
0.9956692341440959
0.7864827735289632
0.18043684136986157
0.8461837731121615
-0.25318395647649344
2.0346309210737856
1.277314313176503
-0.730204688200112
-0.6287296846133216
-1.6142377416695843
0.9917293445482315
-0.6939042389431739
0.2555529453173609
-0.12841797150651055
0.3287842002032427
0.4199257824658353
0.5047945427780567
-3.218775336571056
0.6158416767718096
-0.11597496676363726
0.23829094012185528
1.0889163266833684
-1.7812453763453373
0.9668281734497555
-0.3191410358201558
0.8880426962543997
0.29834118419561867
-0.35061054193770136
-0.08383946689188436
-0.5793133625617402
-0.30914427225718555
-1.1013704858994477
1.5188241188841676
-0.012506968195981077
0.17251467547723218
-0.8514112764767927
0.7153054685317862
2.1486470744399777
0.1847201796096795
1.2016032172595867
0.29669686428835995
0.5610530148937398
-0.027463561343211238
-1.7837419131866035
-0.3922750445989931
-0.5231006149165868
2.266415432821726
-1.0023173936924323
0.03924683897485073
-0.2731932751433114
0.1143079672256042
0.30841998421674105
-1.8575931149566216
0.41319059143079767
0.46493643867396367
-0.5878362739087072
-2.4395165007758415
-0.2750021411182225
0.7715954231258043
-0.14269680173252003
0.4392076018408309
-1.1484705066114922
-3.1470057603889017
0.5751717846854113
-1.2413414317804201
-0.6639774876230552
0.926786591450201
-0.09879359848262151
-1.0189616621268889
1.445307840150163
-2.114509042389124
-0.7739159464465974
-2.0433616062303313
1.2971257234390148
0.4842949974780319
0.021968555691172918
1.0249174555699523
1.590096233185394
-0.08271352480777514
-0.2939003235371375
-0.603920322233267
-1.1068997400302374
0.027141011967813756
-0.1404579159918761
0.29090446659538205
-0.9275631190923405
-1.244860689755617
-0.21500181013216554
1.264516971940294
-0.6989540286155999
0.32975761676576815
-1.1197735173844903
1.6201965621329404
-0.9784589406559968
1.6484556198500198
0.8460012117518485
1.4433736452217358
-2.9308843626244903
0.9997009303891751
1.5542586158132734
1.2494511579259096
-0.39131837632842853
