0.36988233958139566
0.5583406619068115
1.1593421501639687
0.4059573559980177
-1.980028746325771
0.029084427148350703
-1.007567294052448
-0.8067866689892417
0.7761913551696683
1.4818506821969142
1.5640279657057612
0.4571093009733445
-0.38938861994371515
1.2473299918577176
-0.8281249823605144
-0.7481218605717274
0.3494062519307587
0.6252846031157125
-0.15275883721858685
-0.4301522488139882
1.145397589412633
-1.8355627706467261
-0.22473978995004212
-0.15275921598723471
-0.8060390309842393
0.04123001495144999
0.6581594866040985
1.3154682646922289
-1.1423097122287211
-0.2941045367664411
0.10252209626497745
-0.9361531449626004
-0.4481997617120781
0.9850724870339579
0.1364140045311334
-1.0449189612713914
1.0993619638830423
0.46003674969883357
2.4386226067083046
-0.8238675462465859
0.6656134407958436
-0.5163704697945297
-0.717200862554834
-0.18097919283530095
3.11487855647194
0.1118694443152382
0.446467547570838
0.49389545065793783
-0.1934882568048593
0.026839081676008972
-1.919076543895696
-1.769483369286911
-0.21891110606489983
-1.4364744642374059
0.4724549083027183
-0.12568882346089047
2.617470438766992
-0.42776019522401904
1.4973810952168318
0.4593830783533914
-1.9728555460800383
2.2973635727228854
0.3969781404370483
0.537605662859286
-0.09856851031485162
-0.08140687304711292
-0.3754382007586491
-0.7185920513704496
0.09986336109503204
0.9448311789697321
1.1934586636937388
0.8826000887041816
1.645451010024251
-1.3755641835805303
0.06479620831189788
0.7990330847878161
0.17111152384734205
-0.5193441927912238
0.6128449157649076
-0.19875822279457503
-2.080045619969677
0.40466915715584245
-0.07659974017706139
-1.5493799828345551
0.875276763011301
0.574183877339572
-0.8444820880221567
-0.5710699119750067
-0.9100892526670253
1.0898469913280353
0.7778543917087197
-0.5561750382164813
-0.1606284454556053
1.3011258489553792
-1.3726887185421952
-0.04133808738790436
0.48355714499064617
-0.2660434443303834
0.8830429244885294
0.8948694742218511
-0.2982953718781389
-1.2102928886794748
-0.8005810080067928
-0.4958920340468891
-0.9899548378948977
0.05667770004112504
-0.29745012704519824
1.5462535469573166
0.9421065317467596
-1.2493369842247481
1.3535873280595572
0.7174654309883688
0.6012425692636572
-0.06306037526095248
-2.3249502089527327
-0.08530853273705723
-2.519060182145348
-1.18679622534085
-2.137247590775296
-0.2082622662907967
1.9570485514197162
0.7109738015762296
-2.07591518654869
0.1954877114939448
0.07887998042258669
-1.1641095952691451
1.7967308198598657
1.0333311890995913
0.8787136100379334
0.7154101387754811
-0.5893652392238387
0.1608267885844113
0.3390345377544371
-1.2560509090709797
0.9768882891116578
1.820242692586172
0.652226883011887
-0.27598852348408554
-0.31320524716608716
0.5004555901563096
1.7414776666164309
-0.8905949466482291
-1.8692249016129974
0.34668752296097693
0.3687685035540515
1.1354742462936311
0.40762038997053635
-2.286918704027311
-0.4566733764645078
-0.5404844117573411
-0.047749559039281346
-1.3295425441413518
0.7865444322408461
-0.03908181928215405
0.2522022997867406
0.7834305966777501
-0.6324692307549286
0.5772597468440005
-1.2923810766260233
0.52978534786142
-0.16365166505075923
2.0559250659590975
-0.29203139671730366
1.3821239772435692
-2.5075334635588225
-0.4336404142764727
0.4003422888412131
-0.7814292833729768
-0.1686987265221802
-0.5856719214944959
0.7693594185017995
0.38377014642112145
-0.5184608073570439
-0.33690221214186966
-1.0534523635379054
1.1601890977255203
-1.1611862068139633
-1.5251461738699792
-2.326496141812128
-0.5624309617994872
-1.3453666393352666
0.3988956769582189
-1.4330548036883
-1.1615598309887463
-0.97390075930969
-0.42716539023035377
-1.0670376733746352
0.35472166906075697
-0.5547945101228072
0.6483247667773236
-0.5857095098838787
-0.2639558223218042
0.6819621965756018
0.9891633847642254
0.25348120354336856
0.04205487060384358
-2.3109466807484695
-1.2571369511293717
1.6545512156269144
0.8335144712868517
