0.68791455003653,-0.5381926155136911
0.8443884118675195,0.08614679156080823
0.607120643184847,1.2982965325823825
0.5912365061780268,-0.2940644066393362
0.5431892387908356,-1.1727813034323846
0.7938139536403227,-1.7110741013869237
0.5788428631828512,0.9516067549543686
0.6455824741205444,0.20684005598721406
0.7621456479063649,-0.8025288676237732
0.670343632339899,-0.3920480253867011
0.7086683640652491,-1.7850785410784082
0.9513651217199977,0.43811328541221634
0.6046184120463922,-0.6098999753151012
0.6381140766543987,1.1995282403135594
0.5085350724649276,2.12840772875564
0.7680287324604664,0.315159221711577
0.8055336401801955,-0.285814938946743
0.6051404897552445,-0.6807023019877281
0.6675757098067416,-1.0842052621001637
0.6968292972172517,-0.07749539588622077
0.48196879056500763,-0.3473734561240811
0.5890436491854533,0.011202067961908004
0.4413281731699973,-1.6963954404284713
0.787983157456273,-0.27684086979678224
0.5290643993048334,-0.9220299916693089
0.8681654456936572,-1.5426780459220435
0.76836479113268,-0.5872386790894095
0.5528963461693402,-0.4476083188264073
0.6916927620509293,1.5565604586005926
0.5346002969416818,0.49380964524564097
0.7046801059479061,-0.0751681357691671
1.0036317864984328,0.210133491366072
0.7784170794138949,-0.42203679429627317
0.8141355079166567,-0.3546252656218306
0.5969594486960659,-1.333548117261207
0.6781384435129194,0.09744399276831961
0.5537279385993391,-0.1554603274292117
0.6384695432002649,-0.45633430425371774
0.7331782036839107,0.5109186846849653
0.6396594517405441,1.1289296290982247
0.5400405057844971,-0.34145074775492357
0.4825264380731452,-0.5076471615575106
0.6077709010691599,-0.9321464475638555
0.7344484245002529,-1.5299429361677006
0.7369920231072146,-0.545377820342534
0.6387346921355739,0.6780422231352694
0.5819537821236311,-1.3768753951156096
0.7800576570842169,-1.0902370733465359
0.6203510493231413,1.506045749271537
0.7067149267253008,-0.7167180312133173
0.4578988648931292,-0.419228811075013
0.5881343346732835,-0.19109514362467697
0.7812713494928153,-0.5007807081620198
0.6443503062526875,2.091470474430165
0.755590747689226,-0.5137154158342236
0.6798143391587094,-0.012926053485110806
0.7103810181471828,-0.18502422679336528
0.4965525506703138,-1.2452081108790183
0.6016693701059126,-1.5149251536819932
0.7264992044373483,0.8070881107827882
0.6134408324335687,-0.16253628574411152
0.5046339213795356,0.5607752968086402
0.49858495378831674,0.1885867780259193
0.475978600379081,-0.46532798262387415
0.5930253733307057,-1.1524287725110933
0.6504700164348903,0.9983270844180343
0.4701085146003991,-0.6939415475209895
0.5558177617531117,-0.730511282784637
0.715462297787217,0.0808263589807866
0.4810153309315588,0.6742993337462829
0.9482687362386943,1.5481425705163967
0.6301528076246955,-0.023214177645700673
0.4824432601277904,-0.970687564024706
0.6833883510900772,0.8757517075054021
0.5179196239997306,-0.4460995678909403
0.6122929772487595,-1.3003047406212227
0.7200222669297857,-1.948082240078862
0.5421830255105069,-0.8592864695977283
0.5924329962680805,-0.4993191698640196
0.7301999419300469,-1.1101866898342205
0.6292917145583491,-0.5040157612186814
0.6935731459521123,-0.9977315996338645
0.7083507275373538,0.33268040676794564
0.5675286292292187,-1.5275663489203237
0.6394760778816999,-0.5248432133664735
0.7200705106959457,-1.7471001326731164
0.47404196996430875,-0.34038215065245353
0.7095188066445757,-0.352658058238747
0.611737822191397,0.27656785969965336
0.7478490826507299,-1.147246697883844
0.5585910939680262,-0.3370242038683611
0.4854918015195619,0.5319635434733198
0.6624004878680358,-0.3796377960694453
0.5514419949950635,0.4317334757984108
0.724567454230521,0.8074207100192258
0.6445867316739691,-0.6874696490045089
0.5544523489412668,0.013783641277943681
0.5641603888146293,-0.5696974903313182
0.9022267838529213,0.5657681038929127
0.6628088249355102,-0.1162370453867096
