0.2713850144776077
0.6358742145477517
-0.047293189263089945
-0.7687528002544606
-1.086299278543474
-0.17109930198956022
0.8325447422142622
-3.084149639566924
-0.8553979407733916
0.6052401090897903
0.5052716404555637
-0.11138114204731933
0.807308917654275
-0.8008276985254819
-1.016318187380362
-1.068133652791902
-0.8942130274406355
0.03347078585648624
-0.567319657769471
-1.9029790613341027
0.9669472808837507
-0.04868633424180068
-1.531552833551285
0.679457465539349
0.6648822852963893
0.8032837545736489
-0.6014173955753215
-0.6708136065138007
0.5250344268785705
-0.6987900840434518
-2.453963934247883
-0.9151942597196296
-0.09299849151550679
1.0307565944454773
0.4678954798726839
-0.2881872892736991
1.2649099019518724
-0.06972072961930112
-0.4212695189865553
-0.7665582484766696
-0.25785770111588613
0.4283468197597738
-0.5314174758997547
-1.1393794169780453
-0.8793367571148903
0.6253845125638238
1.1335874000153223
0.3322878525788028
-0.024146594910332497
1.4310834602194384
2.8703510343914656
-0.4632531418454847
1.5398986546787257
0.49197145766189593
2.111157726369185
0.476641015233469
1.1658672404944568
-1.2561708837244623
1.8415222799634334
-0.04114957520373448
-0.5703161947939092
0.6282619587628809
-0.3280653936508841
1.4675536913638414
0.4934709892191432
0.04975058695357849
1.4073349711533445
-0.5377990498888007
0.5460643260552303
0.6536146131734928
-0.9252083525837947
-0.8687793224407785
-0.35915873681020893
1.3514889076933347
-0.16518026004708827
0.20599979487920148
1.9159059975115988
-1.1619314319988476
0.36457908684787255
-2.19461206836508
-1.3382204910933335
-1.7988219293383103
0.6216147825692198
1.0022375827945031
0.4555377029000445
-0.38151083733322116
-1.02617345467285
1.0415770244932099
1.065731824275427
0.2860170620011246
0.9634771407290654
0.21244754272881797
-2.1201629273577214
1.05693059716866
-1.1821331200471201
0.31907090208577576
0.6605161374396907
0.3295843542585604
-0.8135264452146087
-0.6430525477778332
1.420681530575722
0.9269663048832966
0.15615221641030635
0.35324647580948776
-0.6004982707845946
-3.491451316466028
0.1768763994344663
1.2643438508197942
0.5369061863553083
-0.2831663166725743
-1.6224231271592922
0.4228275785475974
0.33587283218455266
-0.9320949363750705
-0.5820405874577517
-0.6990217628592335
0.7574574260135134
-0.6800756350177717
-0.15560832463504473
0.8212282400965268
1.364314871023098
0.8130555068134607
-2.4666617010971037
-1.103052299772766
-0.24832660092893594
-0.033067052555656944
-0.20190697488332773
2.1768883645451393
0.43083105908708086
0.011841500376504749
0.25593448820762243
0.14962164267619787
-1.6156587028386185
-1.4605396474631016
-0.1621624400367064
-0.016431214857302565
-1.571743178024234
0.34530433122157145
-1.1604316000874029
-1.0698656940156077
-0.29877042003309934
0.734607309175835
-0.9707113199142179
1.1676492702553216
-0.6313972964062041
0.4196685989284179
-1.6420609316197672
0.2746134146544436
0.4125593737013905
0.1401149767325406
