0.869834243175871
-0.3535520590264031
0.29870453830931515
-0.2341290494984228
1.9158810462283027
-1.2523573415503955
0.9944447136019188
0.5673971541752862
-1.0139832828838398
-1.4942045370988841
-1.8979456918099864
0.6603252723093483
0.7750390375284694
1.4682753116365472
0.4051778752440913
-1.3547402465939935
1.899377410478622
0.14707516884303704
-0.2692839453733421
1.9866149648898739
-0.5204463257930323
1.6778320156367088
-0.8248107253347514
0.29429096421625195
0.4387657553197127
-0.5650319669572198
-0.5260210972738575
1.4051709499479317
0.9988219387910913
1.9199301591674192
1.538802002064329
0.998192890983917
-1.1770425864456666
0.8092240837691891
-0.31249125601470085
-0.5832280828844008
-0.03731811512365043
-1.0936927279140454
-0.8452090297323008
0.6207941117087996
0.1488728018983615
0.7081564071812727
-0.528403088400363
-0.3485576041595251
-0.14942816952752083
-0.22958637559189785
-1.806845967727003
-1.0077557367545398
0.989262292673542
-0.7287168827190943
-0.7443871292142663
0.6779787095873927
1.12263809418503
-1.3300988651908237
-0.6444513574499977
0.090090421870384
1.3176263886336272
0.32280447769183207
1.474340627703009
0.14904966650710189
-0.29758779086619047
1.2522263904059983
-2.345307831776107
-0.3901547967947253
0.23269056229333407
-1.0454255021826089
-0.2036319409879907
0.35427672086523543
1.1122567469886169
-0.6766894938719272
0.6442643203375781
0.4672235008180938
-1.3416196949153651
0.9778430195052799
-1.2441986247379466
0.24245638775113498
-0.26483397790838753
0.36593516408654264
-2.270728638390292
0.9419647891761126
2.3497662631578926
-0.007788122902061299
0.3711387643486627
-1.19719261505778
2.361142205582599
-0.18001788088479323
-0.23188382259870852
1.4624015064270486
-0.40885038158073467
-0.623162529416322
-1.1592522280443314
1.8717507214819677
-1.0357242857500364
0.4548656544974613
1.2212404308138687
0.07327589359736703
-0.8995316626544049
-0.676843651273582
0.8939943312763718
-1.6975714327182752
-0.6609416338907518
-0.9181071531214633
-0.795261609670471
0.5129490468129277
-0.5893758488040037
1.147468988808673
-0.9868275321811667
0.5059381548053417
-0.7371668668811631
-0.18267635807544225
-0.726964957271148
0.8933293068995088
0.28150954299569775
0.4553066759623268
0.1456476936204383
0.5436769347283181
0.3859459897803875
0.4121143708986613
0.811155318726937
-0.2631940877117052
0.9173232771076129
0.7525872404151418
0.33195427773631747
1.6003713252414364
-0.14500690924438034
0.5105694075911567
-0.1903340217821896
0.4679692296010338
1.5281523556364645
0.743197269437658
-0.898590039501657
1.2564702813481958
-1.208807825421322
-0.013317901903856112
-0.010058789104464816
0.14863103005868336
1.5600817024960885
-0.9183222325635708
0.8330290957399954
0.34768562548600485
0.6270573425579071
-0.6999029015993821
-2.1841207004396495
-0.0866313049450469
1.7469863833159334
-1.2375953011496925
1.425143676196357
0.19973471715093044
-0.3371645523900939
0.09433631648649063
1.330075755610641
-0.7180947120737067
-0.41596258554983156
1.1755138090171213
0.10238216356652712
0.39751224378463373
2.2358578949891372
-0.7433168260533982
-0.612440146051531
-1.072865985194283
2.016939493833713
-0.6490650079017767
1.0435722574482469
-1.9268813463745857
-0.17887675108895598
0.5585287614514124
-0.8705809936207642
-0.9298528858526228
0.3975519042430103
0.17780879196922914
0.6947149356669097
1.7918479476702056
0.38777545538731206
1.3267775840507519
-0.4985999403183143
0.20270058412323574
1.687218334098619
-0.05500559361247756
0.7327499299505603
1.4715494410783336
-0.5302125379178594
0.3368772258490061
-0.6254306992109049
0.050717213578158477
2.3965174770092976
-1.8338996000151269
0.08387404596314445
-0.5811538406313727
1.3707189471635643
0.7810302397972465
-1.3627105677965163
0.26247115168896445
1.662838922968676
-3.9358909304227327
0.713182777689975
0.6832110327149543
0.4347222369526456
0.8142377490865006
-0.25433972134831884
-1.3331120709216715
0.06420446903032334
0.8101842123530301
-0.36795843516267535
1.4724204339967932
-1.0509473729778904
-1.055360321252192
1.8492684064960574
-1.094587520569247
0.24664402385133094
-1.5390291366354591
-0.1764877411183061
1.3065198086871264
-0.09085497699680634
-2.313612283587974
-0.11018627756450405
0.6380684462770785
0.30064861529277354
1.4438229072084436
-0.42204367299848644
-0.5881643132771737
-1.8144213774471603
0.23812161182852284
-0.5300461927780523
-1.2356093921068447
-1.9066962484267598
0.6779159397135823
-0.7771488246694322
-0.4376166810122034
0.4499896172249077
0.862595158868784
-0.8356209158850811
-1.012586172804364
-0.5263130852260691
-0.07206012059909536
0.28803776288482613
-0.7622146184448211
-0.457515510778024
0.9174078249809956
-1.25945217741004
-0.2522722204330939
-0.6001808440698149
1.7968775525423206
0.5566959894918545
-0.30318068028782447
0.7167423626605989
2.063027231772452
0.1339076920561867
-0.23468296614831774
-1.031899754018162
-0.43862333917898544
0.4293922340208533
-0.8889608303225393
-0.2176614302594158
1.0213711814132589
1.245316083594289
-0.08874152465946117
0.3466651740064369
0.2751414785153166
1.6863411963489507
-1.4419132792783453
-2.249605178067161
-0.1396208346708957
1.3182311150623642
1.6042152308641313
0.8053526739636889
0.4979918160018725
1.156984112550941
-0.4254098217226665
-0.41173399508580444
0.6850097708426518
-0.6089055286029587
-0.16013442826445026
1.1360985169511435
-1.3572720611360338
0.9448730622026965
-0.48027760132670055
-0.8360981226649943
-0.42885651765348093
1.4558038742405885
-0.17180209075168731
1.0477553144624092
0.585158500469583
1.464338120287445
1.2028651841796958
0.3664505763442235
1.278989369321622
0.15358520081614793
1.2135432173919818
-0.6040412389592459
-1.5944090687213404
-0.2952304277008797
-1.4585019288588899
-0.6799153759457286
-1.4852304718374754
0.60534083228918
-0.3928744330176379
-0.3891757442082869
-1.6838207448541926
-1.0882010001741746
1.5597932819852898
1.5539760779759053
-0.4632062941739465
-0.5580238803456097
1.095375812431681
-0.47317274317051966
1.3367232511653877
-0.6046535911557915
-0.31279625285073576
-1.1162681176144942
-0.3724270473603162
0.03143067126272667
0.13460469731181357
-0.010718863252569042
0.5708841377630323
1.0794901191548232
-1.0781611411426026
1.1369112142727875
-0.8800477528767154
0.9753501644225465
0.10382904663390341
0.6548111457766727
-3.457108258190013
-1.6615320246065175
-0.5196364140490318
0.05394422731412174
0.676922609252992
1.8643141478503806
-0.630541794040683
0.44929709589683275
1.7083900982378595
0.06486782699348169
0.8448915564899946
1.5076094729025276
-0.5399986150038462
-1.08039197283172
-1.0636081156000634
0.4786100163400986
0.6524347607179313
-0.46297739894151824
-0.005915361242937689
-0.10641138902304363
0.7980012594743895
0.6472082234411141
0.2838195145893893
-0.47889302717606774
-0.04050395505377067
-0.9044891148389573
0.5994582646399005
1.498749907605736
-0.3435899336228529
