0.6764322826300104,0.679377077576387
0.5392334850857587,0.7491282146137266
0.6059335404376686,1.2624815210346783
0.8456806009246449,-0.5926987596361942
0.6767126699352545,0.6462338531615256
0.907319550856917,0.3913706758277333
0.512583679582773,0.6893604786192143
0.736207365616059,-0.8262556161103047
0.8377503544432038,-0.6827713217442115
0.656637102548693,1.9859671567230288
0.6776003150869797,0.1009990708396424
0.8936927843112622,0.06202081814095851
0.7336639257333119,-1.1223719592210262
0.8883292780431311,-0.21384817258080133
0.5921294588206645,1.152832384378756
0.8973365088760172,-1.9559625384719885
0.751920011851254,-1.2567344040206334
0.632777503342828,0.07612490681369787
0.7161853544161443,-0.09211059238854119
0.7696861442131072,-0.0873164593528151
0.7559114908874799,-0.5763484577218244
0.7396018354132029,-1.0818522946808626
0.777259995446984,-0.29619163684314737
0.48376629440192237,-0.2758095871242845
0.7585203201608561,1.7137594037820372
0.840236795950389,0.280530807462104
0.8975269134865921,0.40864993720132414
0.5754422755445613,0.8028177048210645
0.7397398485337052,-0.7978557203154889
0.6674905551510463,0.3091475952834706
0.7675016926755694,-0.55233647301041
0.90328020601321,0.15926150382814408
0.6878803850290681,-0.007418572000811091
0.6130295455165858,-0.5979808320591286
0.6547980277458694,-0.4280389798846388
0.47363837484053345,0.13554728099375213
0.669063805312386,-0.49310609506133746
0.5500690996604712,-1.5477507947223375
0.5105926414220343,1.469835050035245
0.9220840028546343,-0.33119339822263366
0.5532547740189662,0.2336841314745852
0.6533123990532043,-0.3476431082748736
0.7077375451454271,-0.6674356889556884
0.5978377423871968,0.6993182443501279
0.6880393715004116,-0.6993577016796616
0.5964322849649977,-0.17195320525430785
0.7767260602298881,-0.8306619288753649
0.8259989384609635,-0.3593599948398908
0.5044459778960181,-0.2449132447807236
0.6766459942178451,-1.215364759582186
0.6061739230963765,0.2159770604357376
0.7836935064860455,1.1597023552639203
0.7498102327159424,-0.9465014763965152
0.796045674508237,-1.3635145793591528
0.6344803124208571,-0.7055411337653498
0.5624449926505534,0.7718215781112104
0.4893783112923744,1.099911073009157
0.4596691330080821,-1.0315108408528133
0.6623363187114358,0.31762695753048326
0.6683736648836798,0.08427616388681966
0.7300863749729931,-0.4206311905031546
0.5690766321219273,-2.0026173928555253
0.6663026891614185,0.7156397699016593
0.5853648300028798,0.6364384706492636
0.7218957002373648,-0.9479245805556282
0.7336263541690575,1.297102451153935
0.6164507894130532,-1.514446676189155
0.7318512247767687,-0.7891864044398479
0.5720680726494697,0.8383920214936241
0.6254512716236595,0.2781195695108389
0.6740841040046156,-0.37902545040152724
0.6733000659638806,-0.9630070831343754
0.5307179840619243,1.0266936082043856
0.7465400098647536,-0.11050848615843202
0.5048369654868083,-0.43506356849295325
0.501762787160448,-0.16778447696348356
0.7780801291802384,-0.6320818801013088
0.8359874080675676,0.7147281229353046
0.815572432807884,0.2796823271701449
0.6695265603843353,1.5858353568391108
0.9331412652377707,1.0123876826618101
0.4592499862083572,-0.36161539966860096
0.7766371309294501,-0.14323512917070913
0.6788901449487545,-0.15360935428932643
0.9570097322619773,1.3723966277387067
0.8196336968776031,1.2598835800964183
0.9193078723822801,0.38558092595579574
0.6803734716950028,0.6723331393078997
0.7859191994337719,-0.8082330197303248
0.7456667568594669,-0.1022169109287201
0.6888490007351039,-0.07501029197128196
0.804669346925367,0.008342921650297038
0.950271037872316,-1.2872593965190693
0.5756354985337722,0.04911343930949652
0.8074000495512406,0.3825986913128052
0.7654073845787892,0.03870431022447297
0.7492085342026993,-0.4097356060951033
0.8089366980177078,-0.10846389380059739
0.6847252056655052,-0.4507785758061216
0.5613984659370892,-1.2715270194410377
