0.7263705361914897,1.2160567034758754
0.6329476439421886,1.4574431817066344
0.6582279804412771,0.5541075490849661
0.7818570753248731,0.35659278083999874
0.8375786184442534,0.8921765619139476
0.6623061375571737,0.4126921231208702
0.8040889982075381,1.061256236147095
0.5582268288944453,-0.6990552361320267
0.6526718070373525,0.7954717995603632
0.6573631936239913,-0.7065434639005688
0.6469039667318449,-0.5411276283320591
0.6598192190389874,0.8616560178872942
0.822442690843359,1.3714114448151047
0.6203956912145805,0.4008015122284899
0.7979139968220451,-1.3763906424228576
0.6589963729313435,0.8780221249269927
1.0511894790778864,-0.15132594930963947
0.6066676761073653,0.07382957599143161
0.5165366250338004,0.4826604400861268
0.5839701585373583,1.890328942402085
0.6613953247752172,-0.6613014813696738
0.5227606322862998,1.456163242159687
0.846433627779862,-0.6071768990323375
0.687614934698496,1.2924522814883812
0.6472156153688532,0.9840888365654441
0.654209419046116,1.4836128402086506
0.6206234116184293,-0.5335037394960195
0.680563673684494,0.9980070279037089
0.9490763391403529,-0.07291833551139472
0.5857217533807797,0.00837305022228562
0.5781865151587121,1.5385632433496297
0.6516805623222763,-1.7993716793320869
0.7451927294588602,1.9669911017917248
0.5953515309753212,-0.889461620396363
0.8015020061086512,0.7116683069020817
0.6395093355739025,-0.2752304751139055
0.7885666767892978,-0.2650378667831588
0.7793928626279425,0.4057195028967557
0.9271118155644503,1.0210261198982946
0.5981581307014483,-0.5146343221311446
0.5922005503306146,2.045839911512172
0.4998313511405531,0.052383352372036375
0.5556328171000745,1.0937784005346465
0.6572635890510182,-1.6802399526197636
0.7694142069792813,-0.30836536678008414
0.7137964378206022,1.0814011744442371
0.54997057332225,-0.6459041923273402
0.5166184107897378,0.08104827920567254
0.7561770402110136,0.8869433496945422
0.9376465158197157,-0.2736602207618785
0.8363106513336583,-0.06950988161996588
0.6958892319351564,0.2832826313157814
0.7919483320728679,1.816859337187875
0.6236445655664768,0.5851934717607065
0.7485661528889365,-1.0051832005740917
0.7204110725494561,-8.74970305624974e-05
0.856754702203701,1.419027475126415
0.9288446184458711,-0.22926778875790765
0.5467689051079491,-1.6833806038848913
0.9433382885432525,0.2035796986430682
0.8346702153152766,1.0026611209578637
0.564381076516882,-1.16417750995953
0.6230601608797307,-0.24986816653444316
0.9807740417473377,-0.7242667734200211
0.7430019927826695,-1.9373383676394025
0.7916178173171747,0.4899244695252854
0.6253902203875004,0.15395620381566855
0.6979345709020878,0.09143975324162917
0.6059439154936244,2.1478079032652304
0.7467563215327899,-0.009690785864559525
0.6250355664114321,-0.33367711553113827
0.7120067802723113,-0.6257644977282145
0.8355809271379573,-1.1660317516759702
0.7921834771438373,0.28740246772390543
0.8511901253122759,-0.7762485416108957
0.4511464649911198,-0.33669590695712787
0.5384356109296438,-0.6099722673749537
0.6836919926724204,-1.0443742232801474
0.652157770960859,-0.4506834057048447
0.8409116710900952,0.6987478209210757
