0.7567302894627193,0.310218430771802
0.6448518330846779,1.4637884148301878
0.6104771251846763,-0.834093832976749
0.6693030643765752,-0.6520317211922061
0.6865315898041882,0.13533470190164917
0.6839705749051983,-0.5369757362076839
0.6338773288257072,-1.5212525418981697
0.7094652846948685,-0.08259513782936326
0.49672872003466195,0.9323098955775925
0.5748560609205576,-0.00377448092874669
0.6116942086437565,0.23328261422750374
0.6038858476863139,-0.8469595318439008
0.5953951345073871,0.2732202234084391
0.7057800070831368,0.4157591382790871
0.9167603265997083,-0.7756732926786424
0.44096679438463643,0.19874893044728248
0.38476180893779904,0.46676091202533593
0.6138576462951594,-0.2036123798422986
0.6890947991770575,0.5039918754030231
0.6312873204675594,-1.1480563519327207
0.6204668310058756,-0.2542940995036425
0.7619254282268247,-0.03979159181147143
0.7708109922096638,-0.7712804105379809
0.7752316543897085,-0.015162154617797633
0.809926771861646,-0.9999746453130898
0.6383452478452739,-0.22876631745559417
0.87972460583704,0.8777943912330105
0.5991930379473992,-0.4373410432643869
0.5847644544108223,0.6648241295727804
0.5182124588496538,1.4016297402004778
0.7832120419297932,0.7281220483136384
0.8109146217780013,-1.0393441536287311
0.6224547703516108,0.04834176473504881
0.5354508209569451,0.11692826523569798
0.5617371502601216,-0.3971667933773045
0.4923882477887136,-1.0632180069573167
0.7260986660178892,0.23572206981813898
0.7992967349934202,-0.2595345196351586
0.6135940594633826,1.0804148276139958
0.605204405864633,-0.29529650550768377
1.0779673764934787,-1.5206444168194597
0.7446666938601596,1.1397738105672317
0.5058095853608059,1.0082698022743142
0.7085022702315102,1.0459302833490451
0.705927768198999,0.6742426929249774
0.6134443955187013,0.44671753781781626
0.6786638100220315,0.17315702213451342
0.6331643715173634,-0.35788111170807063
0.7149945858973369,-0.03964988316865518
0.8729643095520052,-0.6087621590030127
0.5573907151634698,0.08933690490594955
0.7560031828207081,-0.3242745489943849
0.6762164138550086,-0.5337747020439052
0.9390214144581298,-1.0689424496553708
0.8416617335420737,-0.3543296463468006
0.8310601428186943,0.09555654812374888
0.6184644411539318,0.426046247769752
0.5296496835962742,0.23792619602125584
0.6515238785939298,-0.19169460880223974
0.5159006257480321,1.3404411520741348
0.6093655488621283,1.3488469549526985
0.7538438843691727,0.20518962493870055
0.744800393653111,-0.3647660617002731
0.89329316211642,-0.16151373830822544
0.8716605281357357,-0.6800647013395507
0.5783301848617881,-0.15396662591820737
0.8483721499200267,0.05175354539647327
0.7487323944009163,-0.4350848714628942
0.5447356229990403,-0.918201173659613
0.7786100839458655,-1.480958730583177
0.5949059540652168,-1.0887344297758719
0.8391139677773812,0.8766269767082495
0.6918529577656997,0.34747276277010414
0.5404213140822108,1.7996302065170167
0.5008482103843078,-0.12870511406873852
0.5049553216038158,-0.6927644957215189
0.49476048175903015,-0.6451251967583107
0.6906547243848902,-0.773755284878681
0.5869280890372719,0.6944419766652248
0.605654942677271,-0.049444570636466796
0.576153537349088,-0.86490070838747
0.8233565196399865,-0.04159130797845675
0.622602372654781,-0.4835494130583449
0.44191900457680106,1.9024973457264598
0.689925085031006,0.31075574323976685
0.5766019402901945,-0.9955149985669292
0.8740747584433609,-1.0537267819141205
0.7801063303462046,0.059233161913924595
0.7376198571450949,0.59579061675622
0.4993538619292989,-0.8955235824905728
0.917946822383311,-1.2909548689886943
0.689355504830218,0.9099600516215649
0.792882371565322,0.4633840699545015
0.8218625631524478,-1.1113989537405111
1.1028457253764279,-0.11274782665351427
0.5372402587549431,0.12336809227335158
0.7076360563207331,-0.7390477329058883
0.7349586722070754,-1.1116942622379702
0.5245324960194883,-0.3618007287783655
0.6529442743122003,-1.1489603104027692
0.690760063120445,-0.39787619460004725
0.687839147450641,0.6506745275833352
0.7847467099275193,-1.0693246683491675
0.6356327501418568,1.8735380968200643
0.7482357443527705,0.2224307914887578
0.8545948735473508,1.94728279067838
0.7596603643436322,0.03469975822361147
0.6061850238756282,0.3631171396950399
0.7030889155711829,-0.1132755402351011
0.9517462582564868,-0.5899689329419215
0.7579103587161862,-0.3251525068427365
0.6378728622698077,0.8967281072104216
0.7889337677026601,-1.310926275956528
0.5740022168325225,-0.40427582656699623
0.5926013203902274,0.13090622578093125
0.6463436485848242,-0.1998155063181816
0.5898681838416215,0.9063882121499832
0.5681156688791211,-0.746848568700731
0.7385420793444057,-0.28294975767891617
0.7470701918744546,1.81219532240282
0.5658169136907918,-0.1869894814667907
0.41566303758822587,0.7523746722544653
0.6315240332545585,0.7123929160353786
0.5978559637620775,0.03817403702526286
0.6220079130665253,0.6781589555806102
0.8016761034459159,-0.562258706272139
0.8287808651536221,0.7559218162464043
0.6477385008316368,0.5701723922257123
0.7061497034710624,0.745598700108622
0.7999941116333775,1.592809796876403
0.7158234492392276,0.8246772384514397
0.6466053190941659,0.6135175437638977
0.7087880927202395,0.7879884711681672
0.6924038799796615,0.4984905778833411
0.5618182234818725,0.01292098054399035
0.7391096508707831,0.9634845573397766
0.513418637087344,-0.573887977084715
0.6688921146838004,0.11965256688040622
0.5327009162396809,0.2545566192994656
0.9224715444369598,-1.12974059039734
0.9294489320143801,1.408750147907363
0.7147722372056872,-0.38219046321744626
0.5731395743324549,-0.9348853307790178
0.6999151757670443,-0.2012767349744856
0.5167779361377631,1.0079225062883432
0.6831305984924695,-1.9808390784787622
0.7165426992104441,-0.5913218799139444
0.8932089965314085,1.330569659951414
0.7403612437696974,-0.5059978993409701
0.5401159467192873,-0.6842747477902299
0.8047576030638584,0.49293566407764405
0.7369606220208641,-1.5615749261171907
0.5881400356773835,0.3545852300105398
0.5966104894016545,-0.7781469442578302
0.43519177289426525,1.4074411142374514
0.6963182934175135,-0.20390022670256863
0.591845794262856,0.8711402670812082
0.7278921790818563,0.8056099032526486
0.6715366335721674,-0.6956765725339515
0.6242360753278424,-1.6482304910845782
0.6782069579506714,-0.10801001144236672
0.5587467462816306,1.3181079452861557
0.6051392902805764,0.7276809540644086
0.6821314503460549,1.1849850151792003
0.6721603703343433,0.22584967431724978
0.5736202369744683,0.8710941188870803
0.6693761269318173,-0.35473444098296125
0.4999753701126972,-1.24134877070227
0.5207679593900093,0.07742212991334836
0.6785959392804133,-0.48956889813813226
0.6753885226432765,0.17183073705117127
0.8611430734434974,-1.7337075357672758
0.8711681982943695,-1.278485083708556
0.6150750238749163,-1.1706620227926128
0.7581283037424148,0.5123579506114199
0.776555953857266,0.8263265182312499
0.7540053875900262,-0.3036362006372824
0.566555138328461,-1.7264855112424478
0.8157361306878111,-0.8592207449701571
0.5114271248774918,1.4511990828870858
0.6441509321103815,1.1530338535714975
0.5579581806011156,-1.6190856694291067
0.5187682600382388,-2.169457891368034
0.7053277527636957,-0.307584932788096
0.6055451622336663,0.43256389318198274
0.6341099371280255,0.7827165123866388
0.5757719598345454,-0.39510041798845963
0.626700754103212,0.41319198896079873
0.6688454786881857,-0.6466626590791836
0.7374964894729504,-0.32378037035316803
0.6039630158112491,0.09174621876929479
0.6660361968390835,0.15017044519331496
0.7600075348843298,0.8383842981729054
0.5876122293468735,-0.5404393758021074
0.5543518801822752,1.5077045999984506
0.489724606154415,0.1161198214659019
0.7621475093991233,-0.9590558374949526
0.5729118652600408,1.0446842070481401
0.7194524562726536,-1.0649298859782774
0.6748469784783286,1.0578546902129071
