0.5613739814820297,-1.2439307886451354
0.6025501845567989,0.48151953940378656
0.8110701387908515,-0.6599714639650371
0.6080750590450871,2.570883088310195
0.6615551416367489,-2.0613407915741284
0.8372533571101414,0.5155911682403073
0.6396557139255603,-0.4406216863533048
0.6439420003918591,-0.11621715647945705
0.9163578321884556,1.5521224514365088
0.4923388267741358,-0.4325805963546214
0.5635294455926891,1.382535304828854
0.5987235193069115,0.9834221063303213
0.77447993849088,0.5743483350044585
0.694962084729723,0.24251744909717027
0.5916821788601292,-0.8509009538683666
0.6082038867128594,-0.7123297343213814
0.924824908934992,0.6153108786551015
0.7011563896206003,-0.8293574572234872
0.5809552824296913,-0.47453475505386955
0.5956254791021981,0.06974701163037042
0.6636883307586029,0.1362335121030097
0.7150585790215954,-0.44915445094552453
0.7149422381583256,-1.287305338829621
0.771724212860691,-0.6011401510696699
0.5222730713900442,0.7425021608047162
0.41742090328995585,-0.8068088361114758
0.732704261311605,1.6233159471779344
0.5343981381263642,-1.3707228246461058
0.692312954816125,0.30279871861174495
0.871698908376316,-0.4605573327295846
0.744027117891462,0.5790957553481987
0.48911184832146176,0.8857608371922738
0.8183157333768976,0.40125524514721944
0.764531467277008,0.25154031116859477
0.9555180832593008,-0.2992326239350667
0.8002657385438788,0.3438178104401298
0.7491365817553222,-0.8377338168642898
0.43404278486938525,1.4302999440930437
0.6621737384870083,-0.4627812966549941
0.8619738885871855,-0.02078999214268648
0.7881686073458078,-0.8888708435936982
0.8204501873729225,-1.5371870490653012
0.7734593882893838,0.9706074983524348
0.8170423129776386,-1.7497815327693695
0.6478159523786748,0.4560704701622139
0.7832645075058267,0.3339326074624809
0.6892416562387906,-0.768654286232833
0.7623885446009109,-0.0990179006855822
0.6231900183839233,0.33218434214299203
0.5020240397473124,-1.2237689734941344
0.7496572885580856,-0.6919651894718531
0.5971395421004878,-0.22988193933888817
0.7754291703353757,-1.09894026566777
0.5974437663182409,0.49574300357880907
0.5514767076036472,-0.08388833264791877
0.675194865688285,-0.06810603496441624
0.5185206671426038,0.10994532459999898
0.6526549619094496,0.12227475566733165
1.008433329785424,0.3829568315257515
0.5208878835042773,-0.6380731871419282
0.5892866828547616,-0.6049007457534057
0.5287905124531662,-0.34009675641861237
0.7831267153782667,-0.8603500513362983
0.8984583981326293,0.15182997767018472
0.7074568247552484,1.603484896243597
0.7768983599299494,0.61655640640974
0.6240825225884645,1.107438291192755
0.6094560746985762,-0.6553139525000459
0.6491605319311219,-0.4541844526343711
0.7889617111613314,-0.3392022106953856
0.6707535207205986,0.46976157747504244
0.6499892260703576,1.190211399504933
0.7945896618132369,1.1008572389415312
0.4373977474698554,-0.575514372473105
0.8962010188414523,-0.9704220798208423
0.4853449090006333,-0.5810858400914719
0.6135895435063066,-1.0529037064588787
0.714849513720197,0.977416425354451
0.7969321785348088,-0.3623089602290174
0.5652768260840917,0.13806818402840634
0.9115806795380458,-0.3714558808400082
0.6689954408781073,0.5838831259707542
0.5404342318430476,0.09319111743038799
0.9886411866118893,-0.5087624337218967
0.5961796797676621,1.215279177400121
0.6458671713702319,0.24148394091615552
0.5881049500505658,-0.8906813608999511
0.6197322221042679,-0.8041527015713177
0.4399790515004893,-0.12957236055396842
0.5681718204578516,-1.1937056800358454
0.5900734461505579,1.8801057439423843
0.6783486529708653,1.2192738132166552
0.8051984872889971,0.707916937912135
0.7638141339409709,-1.2616545584378953
0.6098283304129424,0.04619979022383574
0.8188914753157424,1.5740403070188336
0.5976664175722274,1.269459853230523
0.5490492759850352,-0.06564242485022624
0.7442669225734674,-1.2146030884923145
0.5529923874845908,-1.4329149519726045
0.8128992002070564,-0.0034210370374858578
0.7055302447752901,-1.3493496810615297
0.5542427912667373,0.9670307662496419
0.4558120880829414,-1.6384221986763001
0.6673107118953897,0.010050605028077161
0.5732400644377881,0.14485148834819572
0.8147197652718473,-1.2036812456438402
0.5968934697059134,-0.13057453285728882
0.7227317697854617,0.8440600141887233
0.5003222324629754,-0.2079071124805256
0.699651923516941,1.124131829619826
0.6126470247069133,-0.20108585693155312
0.4913895539227349,-0.7321686415614171
0.486929219696211,0.9220684865795113
0.6558004031537015,-0.8228490330399629
0.5757605102956299,1.5936369808295343
0.7681167168759412,1.3025288032426647
0.5864035614770816,-1.4194911224117466
0.7733097593979525,0.3687480707734138
0.7504513010162303,0.2911858111958126
