1.2052540318426663
0.48255919222328025
1.2891943105675816
1.158490890787024
-0.6350062159117368
2.188592305182732
1.6978816353608688
-0.031044490811262634
1.4917080928261026
-1.0563978163830605
-0.2367514475943662
-0.9791436531435896
0.5887130997585045
1.451961048834794
-0.5979869598727566
0.9352873660316936
-1.087186995751338
-0.029797792982361057
1.3684747186313577
-0.09453198397673364
-0.716562139891104
0.010842559771078154
0.00951686733656171
0.9640630637533906
-0.2184235049257639
-0.2789629939987956
-0.255929634361739
1.330134309566405
3.109669085181971
-0.13757309540837556
0.7685421167622263
-0.15487914170713388
1.0259894394109228
-0.4182002472359223
1.3673744675705888
-1.343176039564138
-0.3464173745807128
-0.9335956021015585
0.26566699446284175
-0.3951291812966796
-1.113346768690356
-0.36156456526297603
-0.3107270506367063
-2.8166755073925125
-0.8676544442504549
0.4407917016800803
-0.47092781270322137
-1.810540734495962
0.6532847129454615
-1.0181626903095915
-1.489783069687587
-0.7492371485183381
-0.8370768462573184
-2.1495359442260122
1.0118990182491265
-1.5376214301155968
0.561925316009024
-0.2745626565891649
0.7116908911626852
-0.05132275822848442
2.527320749668657
0.35871450922411563
1.2707109262831715
-0.8865195111317381
-0.6673461174175921
1.9056108661871525
0.03198249032540924
-0.9886008219355177
-0.3680660144895987
1.523493031206821
-0.735481797684168
0.37363441375758294
0.5543670637747442
-0.9846483968217933
1.9463859578317912
0.6875819171695204
0.010256960342309674
0.6084312677527319
0.6200191195726452
0.9908337359802036
-1.6094950642144927
-0.665652524098546
0.04604704339936225
0.09317003223595562
-0.6318865213756862
-0.13475138826795224
-0.08862113848384218
2.480989312372544
-0.9582432074739254
-0.06632913896128612
-0.24844673916997942
1.3269435422361107
0.5843407087854955
0.22546849948072492
-0.4889436719729585
0.39738964164513085
-0.06702626707840016
0.4455429453382502
0.05752926825504258
-1.0071324121198357
1.187667080328297
-0.678153024535503
0.7969638317337798
2.2461846807811896
-1.9847759344707556
-0.10851834858831418
0.47932706773758676
-0.584354043186093
-1.0334441675585286
0.5300494811574523
0.5462406448466659
-0.26299667111038477
-1.107376542289004
0.042310891335211494
0.1627639898191578
-1.540723453920461
-2.123136126840211
0.5166049976100904
-0.1895552777889593
0.7650477364359101
-0.2887842994168632
0.6614755084686091
1.6653342421474457
0.3333719934680147
-1.5125136742776857
0.4934850170764462
-0.5239880891409903
0.7188513548841559
-0.15750594848509294
0.41276957019838345
-0.2585328090212385
0.3567716765399384
-0.6156502875956587
-0.3873572459903444
1.4355012411327754
-0.06988856715741903
0.3418324895066753
1.3349865036508777
0.5077621808614222
-0.29190399346255863
-0.17411429835720724
0.6204263534726563
0.1033127178901941
-1.6489296491712775
0.8688750967885317
0.1704374774132755
1.7011436539559277
-1.430124717476085
1.274410198162278
-0.8758997751621378
0.579488494235426
1.8312259370176542
-0.31077906787251136
-0.16776530435088988
-0.06112283875128742
0.7012101770068448
-1.3556988534476344
0.38632742435244843
1.9381407791431915
-0.7312789512349681
1.386544680428886
3.1929149706058113
1.8016839973148775
-1.213375738264752
0.44977973553223316
1.4532330459394607
-1.1239561597470216
0.32282026097675387
-0.18995197246353335
1.0384178128293793
-0.5370325293769376
-0.02130352547197814
-0.48590207716133027
2.150809482073357
0.5603320785602427
1.009161336728765
-0.08592801349693123
0.5661673683578511
-0.0024187818171395297
0.5620880712898455
-0.5627750766985997
-0.5610392738650978
-0.7763837474643291
-0.6424565747470244
-0.38702366819180634
-0.24906121788614183
1.3163348438631737
1.0537620768860705
-0.17610045884289566
-0.31104067278807046
-0.2008986075509662
2.4166810273640773
0.27957624240401324
-0.7002951677721565
0.3285338816566324
-0.1923540729547149
1.5153383689264446
0.6171390704087588
-0.6907124994487014
-1.8801589800288336
