0.5886219161298397,0.6919942424679955
0.7131771030628458,1.2334588959938577
0.5892862183891725,0.7482721423908344
0.6903241031711189,-0.4489219168218331
0.770677230385627,-1.4437875656193468
0.6156882055628576,0.35485957862501305
0.5812665244347526,0.12276158577054329
0.6475152023674914,-0.6825960957844521
0.601152728506083,-0.8748862491459996
0.7068366566544125,-0.3509857186000416
0.681579600107062,-0.2615026063032716
0.6769372930416643,-0.43671221228417134
0.5839313902972579,0.17002953859991865
0.775338387957065,0.9952867999777721
0.6626746643625134,0.6090993216292124
0.7618048297641282,1.0577887304887972
0.6898673525483471,-1.0907179641606404
0.6349053799549149,-0.12339092908527532
0.8319141795267435,-0.7037844900697842
0.6878854458682162,-0.37871329955623895
0.6704262897273365,-1.1888721316324362
0.6834661847112509,-0.2615694468185128
0.6756697356993762,-0.9830862635248039
0.4884482950489356,0.685437424849443
0.7882563179441796,0.9670943893907646
0.5764233805695136,0.381368561450932
0.773626164032836,-0.38712016855596865
0.5809560621885422,-0.45212305689172866
0.6394901586704276,0.322175715872594
0.502103599334291,0.5602311642662224
0.8519387785423982,0.2724222852509139
0.9147871427236433,-0.16254114336128145
0.727848829631693,-0.9929911725602308
0.699301114663746,0.14426028968381804
0.6537894059517351,0.022920742112512507
0.741357126685477,0.08705997302679906
0.6489286851112828,-0.2108568442167513
0.5410210259061199,-0.2294527058906858
0.6214238738379168,0.4227385882393576
0.6078968359450188,-0.3595216618858403
0.735464620698713,0.22666163528709324
0.7724885615354308,-0.5053736427324761
0.6660257377306019,0.0049496038906819695
0.8697615102132085,0.8737327532673244
0.6576136315644766,-0.6417106089085628
0.7452689335591551,-0.22605639814936102
0.8050567332271099,-0.5489845531671494
0.7272856971255226,-0.5249295246350899
0.9234112800651972,0.3040169402721954
0.9528505180468683,-0.5037312558037504
0.6242118356097076,0.5861509429507216
0.6256019449325598,0.2708341432294683
0.8293585868507327,0.15055512634567594
0.5352075825003788,-0.3101305578745494
0.5801348765204049,0.6761918725788214
0.7890979755291683,-1.5296131929734746
0.8028548610406538,-0.5567513467098585
0.803018545490522,0.2089250529037174
0.6477074839008458,-0.36686206304661073
0.6707407444313005,-0.09032981099999571
0.7982418082673187,-0.9895326302810552
0.8179395957120524,-0.3003927160770164
0.5723612841472792,-1.2393098283951511
0.5610574801803434,-0.2180493509895767
0.7167195540034293,-0.814679647598954
0.5928643074781482,-1.5823964488987592
0.6723769284044849,0.6416570586889956
0.5743488758972009,0.4347089528453084
0.6119513394949821,0.471645918671984
0.8610681960946118,0.1621430788537847
0.5199088118407229,-0.280569035251561
0.6098800922955351,-0.08324163266954426
1.0460938985144952,-1.0375569981065307
0.6803636704439645,-0.42958032508358035
0.6450314895588573,-0.5071515745280512
0.4347815123820368,1.4694129100311069
0.665621269277359,0.10043688744886482
0.633967132434292,1.1385132615183593
0.8813497689472676,1.9760974021688662
0.4155600550524555,0.0945531844286127
0.7762590295806763,-0.19761465127909492
0.6002015757797139,0.8595546016463202
0.7278406574996386,-0.9122397011250908
0.5478751721920465,-0.3955346010811929
0.6336045057181658,-0.11724858823771449
0.7297940129351632,-1.5116085370472752
0.7601607332525414,0.12952098203417967
0.7372021471423366,-0.1812816803885101
0.5710543413793787,0.011119279315761295
0.45763232655931174,-0.40536408355463216
0.6302720358979861,1.4452634322430227
0.725937593287172,-0.37757787571499857
0.7447527099563691,-0.7768172560174665
0.5248173985648888,-0.7931827649124997
0.4892830001730771,-0.6341951961878662
0.5770811813105736,-0.961994145471201
0.4634164648414778,-1.2611994460369194
0.42786477554851743,0.6811833109951486
0.7155200443427193,0.13418010506288663
0.6035014622185026,0.3660477702268153
0.986416784482228,-0.4366005074043119
0.5962364015702782,0.9228283825070072
0.6918714357508874,-0.4247098706231173
0.5707303599445201,0.23202779955855662
0.5317853646716593,-0.49707823129107664
0.47105249330901394,0.3403259646265735
0.6429031222094145,-1.1066158714505145
0.7174806884270707,-0.06829626231344639
0.865184535114258,-1.2619202510114234
0.7632322740660427,-0.0460272910025783
0.6624634825010838,0.4440677528300434
0.6982897245570262,0.6141020472469468
0.792394874325057,0.2707001976063842
0.6508956827930978,-0.6075117141599565
0.6444963315840686,0.6563028847112229
0.7322219226375194,1.6613610959581733
0.6964885513050464,-0.30745042212160373
0.6751187492882517,-1.8325261231884458
0.8614492834804258,0.9466247896598832
0.6510736106394687,0.39470003939062803
0.5765408185646539,1.0392416528491313
0.4109978047667181,0.8171510811997267
0.726275336279548,-1.3491911605146887
0.664219702103243,0.13155529898236754
0.6198809984884329,-0.44646069635926794
0.9009148052612973,-0.012196588915097726
0.810706150381812,1.1867870413220605
0.6931231719151693,0.09834349885926545
0.9606755448879064,0.9507863293937806
0.7329417772688811,-0.18387399329107582
0.5497207695961426,-0.3881177851083816
0.715022795679689,-0.08565101346438313
0.5548366542078432,0.9486825492082767
1.0020651072714641,-0.3010130545444929
0.6854095585148038,0.8054392619336926
0.6151651432079989,0.23462864005018927
0.600860464302823,0.12175386803390645
0.5537198777873589,0.052577587018763375
0.6178773898641711,1.3519865715913342
0.5404838481369727,-0.8977052394263083
