-0.5100258501780626
-0.42687842681360855
0.26840376309135583
0.15166014970040867
-0.479576801081138
-1.4925304744985244
-0.5730089394465114
-0.7420021123266713
-0.3897809233531716
-1.312476384260462
0.4209956000333572
0.543408000997834
-1.3472518752654223
-0.5267897627929503
-0.5904681511735728
0.5829293604190469
0.5197289604216602
-1.1840412692986828
1.8041130234618323
1.1423764800034322
-0.12982018718305044
0.2257826027938076
1.1654499457511365
-0.09459902002289507
-0.6320265791512579
-0.1171225333213725
0.04606720979213559
0.4563681106696766
1.3543871674845367
-0.7085543242345915
0.3955938816345981
-0.34482448273414507
1.8817402505546417
-0.5121771985660506
-0.2087012538626773
-0.6034525917662508
-2.5583279970968147
0.3353990523912446
-0.9654108252187691
0.7465795916143291
-0.19867250046585871
-0.6432086617222008
-0.8395205338056813
0.6261921602096017
-0.668500423470072
0.18295796226997138
-1.8930912657146417
-1.3608945684707576
0.7275916801114269
0.026250642204595324
0.36797316657001294
-0.47729161132117925
0.4947187097284302
0.2634369425628706
0.5312433266738217
0.02556393534286517
-1.8243738375075644
0.5691188751063163
1.1450605175151511
-0.13065379082397044
2.0345983715326446
1.056081679336044
1.9418369210918494
-1.5566752097805785
0.5474260222169649
-1.8042239933616335
0.6532213820781008
0.6496047248002407
-2.0470934095914513
2.119537945187324
-1.7928981020901924
-0.8899355388008638
0.1295648985556568
-2.470266066319237
-0.9179990659494879
1.2397096874025002
-0.3411839329404862
1.5960573401397509
3.2283310882655516
-0.12464206636131824
-1.3623331316073652
0.8219712542760765
1.3996003590221928
1.3554917051500301
-0.3658574536337786
-2.202095681988216
0.06839744549146705
0.14962433093816924
-1.0513662697705426
-0.7210892348856558
0.6173631714361132
-0.09912052765686732
-0.6667833491720827
-0.3467307704630787
0.9297319140664535
-1.2143335496861625
-0.6007477450580085
-1.1856228663305861
-0.4732098625015511
-0.33666923409999255
0.46392292683169883
-1.0753562446138059
-1.4132732273088422
1.84699618592123
0.9747477532611923
-0.36180654166270126
-0.5562792608601238
-0.04120997699072276
-1.4396398511915827
0.6393174577377998
0.8978194597820803
1.6307221651210901
0.0004460578686346735
1.1223900254052406
0.6304137908025875
0.7383921026969228
0.3760295199334354
-1.6757100216490926
-1.3322147553280836
0.7617592119930469
0.07466558646010046
-1.034593628378735
-0.6043242126480209
-0.6514507189441511
1.927940782918158
-0.1943546372884443
0.7368153090134688
0.1364084148946941
-0.7661546833891176
-0.2884785668873833
-0.11782877521105896
-1.4571018942224774
-0.6899446311938372
-0.3096202806468809
-1.186362651991889
-0.5907888183472523
-0.9706706357371041
0.9586180874457322
-1.5579611857821078
0.18114975948361384
-0.2440116915411316
-1.3711523446341807
0.6039716930830468
1.9284453443508247
-1.1254827156036618
0.2792243737999026
-0.33044009078729575
-0.9255724691136185
-0.3199871114872996
1.317228252027092
-1.5293266248018387
0.6884638672563724
-0.23234961632352213
1.635321021317496
-1.625344470763321
-1.5512742478995094
0.5033728142287508
0.932923264880838
-0.9047209437016811
-0.22806633518840633
-0.04368574391233602
0.5104195520426063
0.27019455923480123
-1.3976588413639475
-1.393744882864547
-0.6388635755878197
-0.049546220360349495
0.22424096460118007
-1.686418793051592
1.1987810116667694
-3.1259566673894303
-0.0754508974207894
1.6244385380850117
1.0855925731938576
-0.9653921444699215
-0.46192465333812405
0.8500603074776294
-0.1907244250095561
1.1276613982376258
-1.078232317028234
0.04646542815306671
0.6517149242861178
1.2687969275204332
-0.47900524642487635
-1.3330590316144855
1.4603054285596804
-0.22362647047453602
3.10138422399774
-0.060284498366033036
0.8269290082101857
0.4158125343316062
-0.39130541240283956
-0.7786966954999287
-0.06380784041351902
0.12026635028304282
-0.18100165029722434
0.8673739137493996
0.7113476163608614
-1.5228222560746612
-2.631672181088582
