0.713676121588452
0.09109339738017125
0.2509410572724511
0.05101882875267756
-0.0551862877857513
0.6359441509158613
0.5717095085514581
1.4758673754403586
0.5433828884817146
0.23564714290428726
-0.5812311413729077
-0.3395702603613844
0.8562659402961392
-0.07770492733756178
0.08147191104073703
1.0841977150605167
0.7149261813346871
-0.6802712333799363
-3.133996036521005
0.25418739805314666
2.1537462282798634
0.763588987487655
0.5718047024457193
0.10571478571404042
1.2549826291820687
-0.4549203132987311
-0.6119369480101271
-0.0009272907722360613
1.2891901803230132
0.27259611076816515
0.057920690663363306
0.5310383051208224
-0.2470193833717498
-0.11955951415730573
0.6800903956531918
0.8469402511807185
-0.028185872902592984
-0.8909429314482158
-1.1528176269897623
-0.9770474427394068
0.3124742607523589
-0.7995410980482516
-0.9472398807165727
-0.450227567309702
1.0805139052256707
-1.806340169779138
-1.2533953732514076
-1.1878986075970404
-0.23734202063702017
1.0043735862287173
-1.4017926964368737
-1.7803779340268306
0.18660931497870284
1.5781373399858076
-0.561108098497956
0.2054877055875289
-1.8639788939602553
0.4156114824860908
1.1481317660795123
1.1623102110114447
-0.6998406167146302
-0.22880160048224685
-0.6198587811905668
0.8185702355309394
0.820285587902278
-0.32797728242186
-0.8174315916365413
-1.3691620615559736
-1.5700885446546993
0.4171361320041201
-0.9133948996443001
-2.012897813886978
0.04690790330689731
-1.0039401160238928
2.283967401627055
-0.5691241259939639
-0.35209584787552567
-1.5247331308674181
-1.2227728186391107
0.2089004309387091
0.14359948505526104
0.4267360775360002
-0.5866228475458518
0.005938713986955012
-0.7822003845272806
-0.23170910373938178
-1.9135856561372104
-1.296209689209692
-0.5397066138780039
0.6001192751648708
0.26793269567463357
0.1668722171614545
-0.5997942928205375
1.161593622480469
-0.09388421555234129
-0.4808586916434473
-0.1584809449034119
1.1046011510176241
0.2837202893192635
-0.5864531364655684
-0.28557194281214554
-0.31145076252080967
0.2154112724903694
0.3599095354836951
-1.2512711663522544
-0.9403555415883019
-0.48102451056246176
-1.156569920869541
-0.12188960139116303
-1.1466111647973178
-0.7690364411015477
-0.6007875011897984
1.05736551654003
-1.5690486284345582
-0.5609146811730645
-0.7290838796570749
0.6558806416239679
-0.5289518368899501
1.8287796317935576
-1.224780491560975
-0.4820373633890974
-0.202460218557264
-0.18204449566082884
-0.34199331246909553
2.0669973166367486
1.8675937718037157
-0.023671784144424054
0.5505992783369512
0.1375937807079941
1.9860951366246136
1.3842413959633475
-4.087279373468012
0.45927046220959783
-1.0069961811080965
0.014713327442352254
0.5324431015699255
-0.5732213527200906
2.672935407470118
-0.3635444487600703
1.2854473380415583
-1.1477746269067683
1.9213282887754837
-0.8053384987109444
1.185849517887262
-1.64035846601049
0.7713393102088507
-0.2668386701407675
0.13992378673694877
-0.3527949359870692
0.7816038435206638
1.517662995753607
-0.5850348683094341
-0.5273856219515838
-1.9574021574696452
-0.4339302618468058
-0.6548005692836657
-1.216936234707467
2.6034524790018065
-0.8328432517171457
-1.4924225829926752
-1.1125014876052077
0.6846095361248665
-0.00960287144522739
0.6017232022325768
0.30428264751039713
0.9739542101652046
-0.19585084350611842
-0.10222309130285365
1.067374849344931
0.14520724195483098
-1.378137241561376
0.028841218494591613
-2.286411800721593
-0.8490702352057594
0.3149171349397377
-1.6424768870813604
-0.6254443306449894
0.1995867178144862
-0.9411608402433788
0.6805379094865449
0.9718073769015576
1.6486408242338466
0.2274101167418537
-0.8463807088416546
-1.2569739369297486
0.2095939128514233
0.5568832515770797
0.3852862724012774
-0.003523800681853609
0.6408622076262199
-0.07696218571649419
-0.3548765067543072
-1.45200464623239
0.8235086504513809
-0.798317643475149
0.6785111185331908
0.4384900465594242
-1.2947495505259685
0.6227308961611054
-0.1879670322179813
