0.6264212222879767,3.02309097234352
0.9369313153942939,0.1362308242037001
0.5759018278038541,-0.15195054934502097
0.8170998995391027,-2.2502431259420734
0.7602829013220572,-1.0965217109431646
0.6161852074961915,0.7185353954018977
0.8363400949015505,0.21698709164924243
0.5800862879354837,0.2434593165188075
0.5952044976231539,-1.0618942324618819
0.739632260056972,1.381258869175349
0.6308575551250218,-0.23079368350170382
0.6578193966852548,0.6530941289249688
0.539694459364569,0.031637472742110574
0.6286027528144632,-0.4130975395499466
0.680288900495808,-0.9291098850629881
0.4993807784810343,0.3340010122200325
0.9518181198282427,-0.6315271519715985
0.7936794091992466,-0.15703955721523333
0.5578249791403046,-0.7130942095526278
0.6612159878213233,-0.1279368615155698
0.42156427753268066,-0.2635931652465666
0.5540246451177743,-0.2503756779861922
0.6459806201637265,0.7412022704563546
0.6660297488321719,0.29891518192379596
0.7174862520251919,0.0023384112269465495
0.6308430790427866,0.9318564598267624
0.507602308408692,0.2266860950398053
0.6994848543150933,0.2277387906306409
0.6514636686362753,0.9722186956415877
0.6495074019037018,0.021222591979988433
0.6847630951101212,-1.220217869606714
0.7093638984625215,1.1642736353173841
0.6153287160741149,2.0069120548702735
0.643685076769396,0.43554862216818835
0.7447697439217836,-0.9559703375133213
0.5178571876494733,0.6006646472815222
0.7891539576467506,0.8164253498042142
0.8041821586595915,-1.4197159325128426
0.6356511178982849,-0.1419996506378232
0.7211706051697725,0.23599574297157278
0.5295425562771126,-0.11840787932706459
0.6770265068562065,-0.18735379523671367
0.6608911090541469,0.2631011275011585
0.5816058687745129,-0.23439312310606206
0.6806844786544929,0.7579238904458973
0.5453232627826514,-1.9474194168546215
0.7466265357019336,-0.6010038241673246
0.7473735622807364,-1.8823914601272032
0.5496652906200158,0.41164537881337576
0.620717564344322,-0.46160877518947
0.690996477476808,0.0946195892808441
0.6096490614596713,-0.5565732231887967
0.8146709512881197,-0.8222100589683472
0.8178809838637445,0.15705782893540682
0.7422581110895201,0.20589777583204757
0.6062938373565798,-0.6509480557179382
0.7014353561422706,-0.7997673862444035
0.6795394763792805,1.027008722203778
0.6233559030797695,-1.5705306101193455
0.779144802648693,-1.366753941763815
