0.919372045455355,-1.1390122879238225
0.49310986458024303,-0.3753929087741485
0.828766220778168,0.08053907962771437
0.49587340525993817,-0.45767732106430853
0.573862427276482,0.5271284408002781
0.5325059197586297,-0.2284526377766695
0.6129137392166382,-0.994991806952849
0.5347992054615248,0.4627878840607258
0.5802193819719577,1.5701877353867517
0.7411759534547748,0.14479602171296407
0.6632677236639264,0.3463932206066495
0.7564163358143404,0.10925072305554942
0.7953085270353857,-0.187536420726447
0.6175393455949744,0.12579253820576922
0.7613542922178077,0.07804590430111394
0.6816453013002445,-0.5672520739691416
0.7886467475334675,0.46940259795370226
0.7269645584922111,0.7453986136491464
0.6974503037294657,-0.6338874227835944
0.6388526584290628,-1.3387185113870463
0.7622469367962101,-1.7946519803454175
0.6769342087098686,0.40189063502289046
0.6326052987499884,-0.4944420904014842
0.6946216486043857,-1.5716185325336336
0.8048930837098818,-1.2601066588125385
0.6794066993254521,0.39579067595181683
0.4646152113228106,-0.8321977127055563
0.8796021106173528,0.5561247940022925
0.5298128311798058,0.4842103413812322
0.6517303520559932,1.6053675104453609
0.5680465276178245,0.7152859060479217
0.8046326079208374,-0.6343233745766209
0.7444582304451682,1.0398637930901957
0.6143942810236787,-0.0011282980229975984
0.5827596361644024,-1.0383873510603066
0.6129815557766276,0.8192663403042932
0.778772901646537,-0.10667270069875048
0.49166536492869234,-0.5418611699512863
0.5012105711887319,0.7146652723246271
1.1023157886038777,-1.0419022602802623
0.7145177005527134,0.7241428322311392
0.6025555697152727,-1.0918700141587372
0.5658753630237792,0.43978754744265924
0.504565297829316,-0.8268630256838394
0.7223514030430334,-0.08494372551185289
0.7693172757618533,0.8181066034814508
0.6002477708616805,-0.6807048278825409
0.9438659276567246,0.2913298351129954
0.8403270353320393,-1.1835296729109483
0.7956789701657435,0.4358861402276911
0.6890778144105031,-0.8849871554282221
0.609255747913513,-1.0123984070587493
0.7444430377609143,0.050598753268110246
0.7085191423576758,-1.4041288505313998
0.7186669378208426,-1.0595570075418943
0.9104746325908938,-0.3267044438294164
0.6540989222385768,0.8621474987710551
0.6936058977284092,-0.6518374251643859
0.6344853563263891,-0.8347408881072242
0.6679714520165727,-0.8742007664075679
0.7776646767502512,1.2663556413432422
0.5311626216002386,0.9647945278317198
0.9369439030934035,-0.299758017669752
0.7267536949945391,0.709122006791423
0.6310729681819236,0.3971693833088575
0.512134810786714,-0.8212076273005827
0.6482347504097391,1.8177397664961166
0.7469981071884476,-0.4812036684044242
0.7024869843338709,1.7112047342802292
0.6280587365045462,-0.6501008668289532
0.6090056804708056,0.16759232409036884
0.5219597937041875,1.132326574643744
0.5233963672033062,1.2474403491319561
0.6974325041560107,-1.5372879900259124
0.533468416658133,-0.13786227514182145
0.8637180794424503,0.16166745559991239
0.5815175931099381,1.338218312357291
0.8429624166109579,-0.05296544921299331
0.513367240723581,0.27265729047885884
0.5763805062904341,1.2831864660221173
0.6713179441917853,0.10070396978790548
0.5419473917550341,0.2776349870011683
0.7919820789765537,0.3199926134651069
0.6514563935548462,0.8882196247244797
0.6628031406306943,0.9447825901226607
0.5016000880508669,0.9620175175903809
0.8355136851426843,0.18717599194604911
0.6982883278026999,-0.4621130624769059
0.7964097055921049,-0.08723428437852523
0.591933596846389,0.4928992272378244
0.5024539212903001,-0.5551740325414949
0.5505553637504615,0.6835478803252977
0.5512607623242117,1.25588176613766
0.8468451452891756,-0.21755099440663578
0.7325890064530421,-0.5268144540054218
0.6773645338594512,-0.3814983270649115
0.5565641213641257,1.2101794147359368
0.6671627893523664,-1.3679608449342116
0.9907642127996985,-1.1984006956275788
0.6238801122024709,1.0712014514151829
