0.48781020918594886
-0.7217306494016289
0.6718892961165998
0.6379509929059511
1.3187644838234402
-0.06519924179887279
1.169371158317455
0.7082851643467809
0.650239850009116
0.2895800674194596
-1.560846399443559
0.08106102062605693
-0.5430564816585349
1.9441907339278384
0.9995978227182122
-0.7370681341396388
-0.8432837554922712
-1.479114396864657
-0.930987481149889
0.2790794150526425
-0.8595455662073084
0.9790316156193911
-2.6285949393913883
1.749891591669317
0.19320349081308535
-0.45882907417723784
0.3939199229084813
-0.3050037283302391
1.3505489853510626
0.38495936247864354
-0.9214767624976109
0.14064540722616245
1.2717788299257666
-1.2753722157118133
0.20654039340568384
0.392188245524299
0.8292483810183597
1.4788347343235524
-1.7877092141274644
-0.7202101218831869
1.588769923978873
1.6887644472858965
-0.3045709813897313
0.4204371264247072
-0.893940490888862
-1.1819482020613359
2.17025786496689
-0.08890101145840476
1.2820097776265345
0.6105087277497575
-0.9648022400470643
1.3910162999136022
0.020552527029396042
-1.106295924113783
0.4957913856116838
0.5324291331286846
-0.15320733261529976
-0.9785140248685984
-0.2748270075082822
-2.0052117411989148
0.597102027603392
0.3273351392116594
-1.302213495003381
-0.2853417751241273
-0.7683939225330776
0.612928156571802
-0.17367575829828
-0.8309603382134488
-1.4019772184761852
0.23744451455853735
-1.1461663044299395
-0.24689218702086393
-0.8715612541688854
-1.4310379243581686
-0.2930958508794107
0.5133926458874465
1.5685943625417178
-0.41287496756066283
1.5210234779344534
-0.712880833123133
0.20993632929671907
1.727805887374925
-0.9136013261757081
0.35135915191701295
-1.4941843026249324
-0.3958992421197997
-0.5708821294196537
-0.7690020014457756
-1.68551803169518
-1.3837944063563725
0.5996216241168129
0.32091718811524506
1.5251769910274593
0.39318028889389306
1.6778770630100408
-0.8505491389153924
0.04618772648531976
0.3211684728614992
0.6706609731386457
0.5963784102735472
-0.9996359964660065
-0.2161677306342845
0.730360518663088
-0.4222887592537315
-2.4260702708696766
-1.4705216193877082
0.1971998822434307
0.07534623141171325
-0.6275963863320008
-2.1709460396789284
-0.719479763438392
-0.09980349861106293
-1.0659961016884172
0.4117510889745525
-1.109174493175564
1.0708250509693737
1.293243951518507
-0.7942727369705355
0.9753932862187138
-0.32327520350914685
0.5880733911317803
0.03912897381995498
3.6598427647678666
1.1355271207594713
1.0246728069417839
1.904801428775204
-1.2410218202061443
-0.16860123713286973
1.1710394165814253
-0.23446592381849854
0.8657895432828401
0.16986982404805426
1.0259025400569561
1.167665324577387
-0.9853210884970985
0.5229431018520397
-0.3699441160767074
0.5311498453712883
-1.4139296784314384
-0.021934158944573175
-0.4445105346054375
1.6224930031291869
-1.3678850918978558
-0.02543461970356377
-0.23511355507273518
1.224980782282712
-1.3091375948387662
0.48804577876246696
0.09415776418394228
0.4623403565690325
-0.6331146186745561
-0.5984778802215254
-1.2776830355637983
-3.474809546176826
-1.1923012069940082
0.6771865316149709
0.1839371722172768
0.4928940736361869
0.7638902034810436
1.9367894209725207
-0.4471616609829079
-0.10810924163596441
0.29248635107602666
1.0447863405152953
-1.7022409118738349
0.27266125594675744
-0.8331876292637189
-0.28358499845521007
0.42020865484623904
-0.6070641226155677
0.5329429735090403
-1.4579581845253444
-0.05907724409343027
0.018916812543859202
0.25829911433711833
0.7277894828420287
-0.9886633664347578
-1.2949412382554977
0.5561193283147842
-0.7403480059655496
-1.3246796868667483
-0.3111895966934961
0.6064962977159033
-1.8424336907753807
0.5064145409837788
0.9362383418346559
0.5314638037005126
-0.972315973336339
-0.5352968368976926
1.3426405975518236
-1.2842223212639283
2.060526980781678
0.05151675572701345
0.4136349269714191
0.8465779218138072
-1.4089966177878188
0.5336869165552051
1.8585188255983307
0.6945994153388995
-0.26363751080084175
-2.1370289881184457
-1.296331419467219
-0.6061030711198583
1.1078748519415753
0.3383637618694124
-0.15077680886536046
-0.20343239097029528
0.7216799530679329
0.8540367428151199
-0.22625865769664547
0.46006894449839086
0.47362734694265524
0.3757154330876102
0.8574752059552834
0.15239907345781933
-0.5856584147007727
1.5364165495346613
-0.86076313147514
0.16973511472443004
1.1555875384794194
0.23784426535957268
1.6093969603087717
-0.06120246381038881
-1.903395147978699
0.16940981790864448
0.01995266246821273
-0.12842068614823016
-0.7167828007165311
0.5067041701456781
0.5429591558270189
0.7480144868979722
-0.5504376192004752
0.8120908573268363
1.5539628672497523
2.667953343751948
-0.5398974444750364
-0.1837961202964363
2.5593400467075784
0.1946678798729348
0.049262596901939515
1.1236587351353784
1.211491803468502
0.763327420579888
-0.5401961166832139
0.9615724598925812
-0.5034574299625623
-0.28391656677372124
-2.09120480003936
-0.27140286208464826
0.5791087800235519
