-0.030607924007235797
-1.6937462540476231
-0.13874966168858105
1.132466872663927
-1.2515506807598964
-1.964988197250144
0.7401104750122937
0.08306398710166968
0.7320198800208113
-0.16796651935157697
1.1636927177218765
0.03236670128264609
0.2868243363059974
-0.8902823631348458
0.3875126728806181
-0.5636787490499757
-2.501757737812612
0.03945316202368705
0.5872732915143873
-0.24746732326346926
1.4771624916906
-0.8579611836039308
-0.008110422271090451
0.5401623996656602
-2.860092759392963
-0.8356711661333376
0.06755869282204648
-1.0727523879520064
0.5338229856443907
0.13322302606728706
-2.7493132213030482
-0.6337028732191178
-2.3782251830097336
0.5926245877554835
0.505329305568671
-1.2413415155762566
-0.04648757908305812
-1.049348365758127
0.9069631244672315
1.9512406839693126
-0.5205076089027453
1.0910302261737568
-0.44279125089548665
0.6838738369797052
-1.679210552192919
-1.366423303772694
1.1197560450850648
1.1878991015308848
1.538116318652851
1.0640639567819559
0.33831406455384566
-0.15254882372679723
0.0383539430291982
1.4812190979479074
0.6454049696055273
-0.9443990675291475
-0.7409684235396522
0.7367633199627757
0.07456347594373887
-1.1822047050088846
-0.7550492837004911
-0.26039907274487073
-0.17474857676107594
0.7614759420016114
-0.5832895694765142
0.11425949021189444
0.44336208759002266
1.6614083041932046
-0.2802014296588014
-0.865998855156908
-1.1934286387179536
0.9729929100019057
0.7278618792345114
-0.1795520588651021
0.13574886481162227
-0.8731718199352156
1.9269225534036658
-1.523416171957932
1.1820174286065064
-1.6638757169174485
0.9608126586831983
2.2554762641972297
0.26875343681701724
1.5387005276472012
-0.15804902531111673
-1.7213076101575306
-0.9097654101414862
-0.570133352507149
0.33236058535153196
0.5313553252390798
-3.8747678813979163
0.3215940169917254
-0.5960833071064547
-1.5248743653685084
-0.9306759210584261
1.4118387618097328
1.3457754450639534
0.4184088959678747
-0.7540281950096593
0.6244237734903212
0.7697429435774381
-2.1280907942133545
0.3874075966295088
0.12318515969482627
1.1760753902044505
2.054869102958815
0.9025678648450741
1.3198185072394708
-0.3998436471442757
1.645317408950533
-0.20309780215710396
-1.3780033039188686
-2.147393893498561
0.608795791356417
1.4744977982241128
0.21706594893968714
-2.0065551626387035
0.024005052542946794
-0.23321217688924675
-1.9056824489013242
-2.0001975750623084
0.25026016832152115
0.02929521336657933
0.47703047874775334
0.14035222894304492
-0.48076864118635637
-0.19459345760266888
0.26180606221128433
0.9611822551899314
-1.499777620733414
0.4410031531127097
1.4350806947382297
1.4492235148869317
-0.36116824663006175
-1.7836734830274072
-0.31094761411023253
-0.7357038039509226
-0.046641990237251234
-0.043635132806011716
-0.2129948345508268
0.4762641972144738
0.0011552597588268818
-0.2420983097674319
0.5489881617614456
-0.5675258847396508
-0.11842826686561833
-0.23251434529838522
0.9398481291591358
0.3769819619606345
-0.23863176550359316
-1.478416368645315
-0.6596212935352613
0.6297686612943652
0.4294647896330971
-0.6429275120051722
-0.3514482378260402
1.1738506433737754
-1.0965182087611591
-0.3424383584642259
0.7759464273202437
0.9147839214330881
0.3262562805255099
0.2810919595721068
0.06735858620729676
1.8202964950206812
-0.4501421381562073
-0.2849260119378494
1.7572968303387326
-0.28117191994926855
-0.8677005943802655
0.10307806223979075
-0.7219512182731438
-0.28818773356172317
2.082785329001805
-1.9361440460219517
1.6524409927171924
1.3304217618475414
0.36718805536732446
0.39437709874405363
0.30388509515719325
-0.3393499282369402
0.300397773892392
0.4121665782310544
-1.809604735670796
0.6575175114447651
-0.187551108093451
-0.4901388839520853
1.1175706163006596
-0.04228480771464321
1.909349307521205
-0.8110166728893974
0.32306516332716056
1.5650714890922193
0.496807487178875
-0.15763299627916577
0.5827958769107393
0.04241269238358616
-0.24515530369198768
-1.0258529311786384
-0.5366596197179858
