0.6252432137879373,0.4543223168249071
0.8216228681379629,-0.1826757045947744
0.648808264570713,2.4574068602855386
0.7198269134731515,1.0290595172382724
0.5445508239202639,0.1555798056772303
0.7966525525519356,-0.3037641980902631
0.7451109302789468,0.11936616672544752
0.8433940382046277,0.5018698505470653
0.638259573155214,0.038856835707709265
0.606457697038236,-0.6157087358642609
0.6582487838015783,0.6043482517534892
0.615206088943471,-1.0570465443474149
0.6494872488341945,1.5174952723885997
0.6872234990250613,-0.23222805847552852
0.7563970630104999,-0.8498518762658431
0.7913190012881955,0.8440606230727703
0.4987295191301129,0.168674606454451
0.6551523402492155,-0.1700676997614494
0.7560570526383481,1.1476805950691784
0.5897519926897223,0.42600392692387457
0.7750623221152693,0.8166091447063009
0.6764262360988215,1.3972576407779616
0.8274546029976275,1.2682945557051741
0.560597050228955,-0.44108495685232063
0.6066216946114779,0.6380655041016787
0.6042370081488322,0.11297494909577911
0.6814606396575716,-1.6088106881657982
0.727819709679197,-0.5667022954447464
0.453458882061159,1.2254079492815215
0.7085235420173074,1.13313325596235
0.5204751386990155,0.09139926022107403
0.5260407324643226,-0.4321840454723861
0.49738222578313,0.5377876692242476
0.6871098865731066,0.8885776072774886
0.5125009231238952,-0.9817051971997646
0.4352410485120215,-0.8640097514244433
0.7405009579558554,-0.40868981572698077
0.6953572686846655,-0.787700523220556
0.542206290802296,0.009089840987863359
0.5879588577403383,-1.527476116614533
0.6524722390765307,0.44014466841938715
0.9055878162339484,0.9970294703153425
0.5943761078401743,0.5237631828781623
0.7586851453883108,0.6390521668183932
0.780344792277006,-0.2015095962929429
0.5265012415800311,-2.491767164389217
0.6137412571949209,0.05885074555988214
0.7168608563158347,0.18433854429203309
0.5725035085680615,1.000540300495694
0.6086721636368653,-0.5510418852652749
0.542013731974065,1.166752822134294
0.7350123219761723,-1.0820749061452108
0.8060427161423902,0.19076811419192316
0.48471339918777784,0.6093988945760036
0.5956038279489565,0.9033007433813779
0.654066525059376,-0.6905390837651784
0.8954652177028775,1.1117839552523607
0.6938282327867594,-0.009611435705924223
0.5787619018086816,-0.2522254928506168
0.5183436756907484,-1.1562075958137938
0.47970853404268665,-0.8413419546573141
0.6339232741687751,-0.005475610885921397
0.9117112165937514,0.39569533246585875
0.5803028696939045,1.1734783681453977
0.8057248731588477,0.778379689762685
0.552081942645345,-1.2043668772025742
0.48489491024942694,-0.03157058294124746
0.9294806384968199,-0.38213293885413274
0.7097734617520726,0.9450356471220077
0.6563101116916853,-1.3929380610957354
0.6393718048261221,-0.86088245067389
0.6462206942168941,-0.14197493588679333
0.46721507929995465,-1.3916017789372335
0.7719209865725482,0.3689177464456222
0.6186072477899233,0.07826088737570656
0.9714958302324689,0.33744671188400566
0.7066322878777362,-0.6115205806530094
0.5595368068150389,-1.433906398495779
0.6530667665876874,-1.0799258294090273
0.7301032654306704,0.4912948287408033
0.7223036612490924,-0.29519481010800636
0.6622518697597984,0.28073905398670435
0.6001465470568509,-0.8356714889893909
0.5860238291645955,-0.02644844499253214
0.681563312305433,0.3579904608646198
0.9535365294887567,-1.5983835059486147
0.6592416602969057,0.41704718645759437
0.6202084347645385,-1.2146230265101667
0.6675962046380219,-1.449784110164835
0.6639527234251238,-1.8146003037836962
0.8169534838728524,-1.3378795033105462
0.7166983289865695,2.380276283504499
0.5323716166506054,0.9682902254611668
0.6581933526368647,-0.8179691808397453
0.542805312134186,1.0793210299158555
0.6913754617131824,-0.6520374491395554
0.6985304306806779,-0.6492267301531248
0.9468025514612549,-0.6811583621808993
0.6642517851001005,-1.3327649575361264
0.6163070404997699,0.03332580693769542
