1.043640875437311,0.3451204533083597
0.8118787134306398,-0.20236547688851336
0.6800495436110787,-0.617793314939608
0.6852938900933944,-1.9050636626211181
0.6907025472083199,0.9814879777439675
0.8907027478442374,0.6531401404264017
0.5291097906082101,0.1898353138091315
0.640256081159399,-0.6502745430011274
0.699293953841298,1.8041996285607154
0.8464979624021645,-0.29274187499116683
0.5420934498482045,-0.7252187626247985
0.7206072657039662,0.20411939516557667
0.5856686772294685,0.2224019276203149
0.6411549884398051,-2.392042198454175
0.7847752754460265,0.8485812541356985
0.5641829305470265,-0.06368978639092544
0.5376506085446978,-0.05089395664042583
0.7919683092315332,-0.21911620191029116
0.5592667737578522,0.2623955046813776
0.7531823457866375,0.5731045162850223
0.643200032740242,1.3827909810895807
0.6926674781569867,-0.8986051982891782
0.7347466306884797,-1.1507916544720098
0.9408094615316859,-0.046301176067297084
0.7367979221113681,-0.7242918586647853
0.7029393310448946,0.9378537849886639
0.7932176847714446,-0.8428474204368196
0.5171320471874048,0.39050675667891194
0.6542106846716058,-1.053900169235279
0.7856913527233521,0.167750802237581
0.7069983934003679,-0.08268029928121333
0.7289341283262255,0.7125809319777108
0.6265713279861896,0.7253135557247142
0.46956603764447835,1.1314003545005078
0.6861845840646829,0.7819983931146609
0.6426481639663982,-1.443491604017771
0.7776819930046257,0.5095234618796366
0.6985044293049488,1.273355463939413
0.8410202894167055,-0.22424075876088484
0.5165402685154186,1.0225578929907297
0.60805238443937,0.6941897394740848
0.6906142307713999,-0.4167228840744103
0.6524404542665968,-1.5351923303142465
0.6443876738811906,0.37185604028478314
0.6681534887548846,-1.2019872246764793
0.7124023139878988,0.5440959645215725
0.7136574191691968,-1.8967872154872323
0.659578914473294,-0.12083044572066644
0.6191334594907624,-0.8239549747814057
0.7451230112167853,0.09162570792564687
0.7864311607734653,-1.3001022295692648
0.8789093997180997,-0.4857321941845075
0.5474866983095765,1.8314409014564357
0.7446162445502679,-0.11686064141186349
0.5649222850369855,0.9241212839441555
0.9037693792379485,0.007700688677278751
0.7253640951464986,-1.30323886105459
0.5799187160359504,1.342338943576692
0.7988665273327188,0.0681853974426273
0.8077906413883268,-1.205512316734304
0.7637444714320857,-0.10354901905141865
0.560348441249716,-0.7722246745542491
0.6355676320244315,-0.7239154124563577
0.580237537146623,0.9343997864855983
0.7011991738328845,0.6851546889699206
0.8398457170961245,0.11013382228298313
0.7170433055172191,-1.3197501091066342
0.8577121373105561,-1.055813663089003
0.6798011751358687,0.9058406343366827
0.6128967724360809,0.4402058489394065
0.7087299531706841,0.3644847493523977
0.6488646931732981,-1.4250794570442986
0.8226133413421469,-0.3989905576815836
0.5845889694812041,1.091279875298325
0.7962274052447575,0.9179069996660378
0.6285601450904162,-0.9893716990054822
0.6846252442435914,-1.688073416072528
0.6206780956996978,-0.4568540816475136
0.631032243308874,-0.8701338341352224
0.6439738298214338,-0.8118929410351955
0.7240191858455645,0.26254708626225737
0.7798516919114332,-0.270195732496015
0.5339201587191008,-0.8122863061405778
0.6336634131854757,0.4279860745259761
0.48255162989933503,-0.48729112141624475
0.5956694341589599,0.27000806626898205
0.6838880691690022,0.33127763817542966
0.6002560939928495,-0.4513727094229447
0.5330293817955407,-0.2873260639737149
0.6271666591966919,-0.4278669947200226
0.7389004016422189,-0.22499889471193388
0.5616861249149886,-0.8618186603997182
0.6940644821273597,0.10800909014685324
0.6670725914024518,0.17203125215762982
0.9128790629924117,-0.6079552091751678
0.5985706784123349,-0.07298682612818336
0.9344803041322908,-0.7996676895115942
0.6408206188047815,0.4971517639446694
0.7347510596384977,0.004075619589636684
0.6282241819611548,0.15044317800711374
