-2.0149594329517533
-0.18276609867501795
-1.704086171693535
0.4626564815347113
-0.13807325571401965
0.2532045162619874
-0.09881309207449428
0.8431219721423553
-2.032655599859977
0.630434751561389
0.5816983208406665
1.9574866126978034
0.03281561945253239
-0.4958641628059649
0.7034972581665024
-0.3410636453097889
-0.033234883272193594
0.9265616085562225
0.3885769565502803
1.3290995899144178
-0.13052815878408172
-0.8549738538428333
-0.016502192664951308
1.9752512252291514
0.305644731016915
-1.1883021960701683
-0.36787729660516916
1.2255869041535221
0.41853373889905504
0.1827145182811814
-0.05560870630186369
0.14230298999299504
-0.19492553691480993
0.19877228022495966
-1.8793371720968914
-0.5087788082886603
-0.33547869458863194
-0.6381667847519102
1.254032773025807
0.9728309198252943
0.01427278733536638
-1.4888318233973121
1.0915275579029147
0.5633684646580635
-0.21614867709422397
-0.647956370815147
-1.3057356611598723
0.19495329078330656
0.5917651519662719
-1.9309833610875677
1.1502353206465437
-0.21159286552850612
0.8780965641741089
-0.11146864446028829
-0.6230618223292859
-2.265344797132082
0.43680623676180486
-0.9757651644091606
0.7985017841778249
1.9913281740393267
-1.2490625386939649
0.434019498172532
0.8755400571740942
0.7150938677467226
-1.189831440284502
0.7271814855814218
-0.5956407044773706
-0.853773634083502
0.8002334287259607
-0.12250349872501248
-1.8531598022703006
0.24060392065809028
-0.3041411062855235
-0.6063975076597484
0.4479566184689486
-2.865171811262464
-0.7617660382014839
1.0245701044728277
-0.6290388732371748
-0.03940945887970718
-1.6135947452993473
-0.4953802823379003
-2.4386735215601103
-0.5253696525778114
-1.4680298332281654
-1.8895620960253525
-1.9788142963304358
1.9335436814823086
2.3428609908923037
-0.3549573089360333
-1.7700405451959258
0.4858730360241548
-2.5246420504221834
0.8583211773874866
0.3932387587455479
0.7654504132648254
-1.2611126389339014
-0.6611935781187888
-0.22604128778921198
0.540095616390661
1.6794912337125323
-0.06456498692953953
-1.7530666715351884
1.6104140263847697
1.0904937890547626
0.2740762823361934
-1.7059577506083663
-0.8442473294796367
-0.10535227157641625
1.0494655405826419
-1.6141722823109832
0.49922401850280945
0.6133563826498438
-0.21575061859948483
-0.20248762037965454
-1.6024004458497834
0.20504625206479912
0.7317391378257508
-1.1448601076169207
-0.9646836774790228
-0.16710928306916545
0.03727824562731357
-0.0326825682183781
-0.7939307920188953
-0.695415862545114
0.8752973778231373
0.7537680034137781
-0.7114535519311298
-0.4572367042159297
0.023581271893292642
-1.5702963571287543
-0.19441077940035684
1.0270657353551869
-0.3689429504021168
-0.9681716713544121
2.0044810751713626
-0.4934372960399324
0.2016074926277094
1.509953533936821
0.18184722696620778
0.4636152747599827
0.748391155090766
-1.5958587427112743
-0.28656821897570356
-0.2774244504055117
-1.5207037944297068
-0.005868203318931999
-0.7883715692068066
-0.42059427802286947
-0.8969588958524923
0.3251564625819221
-0.9852265826747701
1.047824201866567
1.4721075660994887
-0.09959063070287254
-0.21576397080497542
0.5915976947656609
-0.34232827101657315
0.8974445280957013
0.5938089324835485
0.2605120709030109
1.2548152191746322
-1.1149978495052757
-0.5784176807239608
0.17364776295695103
0.17901986964803432
0.9209758790666135
0.8221741149494742
-0.6286542861566441
0.2232021528939307
-0.949622402499577
-1.4885345664578697
-0.4139696133565954
0.016759890499383624
0.3111183663023442
-0.24797683483419447
0.16212240721636922
-0.011115848572747057
-0.32937500810714565
1.4087817074560456
0.057450509539165875
-1.1720412388273855
1.2324477641990654
-0.7897694883775983
0.931833274566783
-0.6661399798189208
-0.1089165688751595
0.2553883341498609
-1.8031509482264756
0.030853923902248625
0.2949418482199812
1.5598572063770977
-2.3195820314715454
2.131415603070595
0.9984816745589377
-1.1829732253462166
2.7429083397291185
0.46703854685661333
-0.6923823679058734
-1.7888667749143434
